
Iterations = 101:2001
Thinning interval = 1 
Number of chains = 4 
Sample size per chain = 1901 

1. Empirical mean and standard deviation for each variable,
   plus standard error of the mean:

                        Mean     SD Naive SE Time-series SE
mu_Roffset           -5.2322 0.4014 0.004603       0.028881
logSigma_Roffset      0.4928 0.1836 0.002106       0.010755
Tinf                 24.9316 1.2395 0.014215       0.098539
logsig2err           -2.4337 0.1199 0.001375       0.004045
logit.Roffset.100.1  -4.6473 1.1153 0.012790       0.040102
logit.Roffset.100.2  -7.0331 1.0820 0.012409       0.036918
logit.Roffset.100.3  -5.7393 1.2422 0.014245       0.039060
logit.Roffset.100.4  -6.1483 1.2371 0.014187       0.043274
logit.Roffset.100.5  -4.4339 0.6519 0.007476       0.026554
logit.Roffset.100.6  -6.5101 1.2452 0.014280       0.040645
logit.Roffset.100.7  -6.0291 1.2279 0.014081       0.051381
logit.Roffset.100.8  -3.9246 0.5981 0.006859       0.021171
logit.Roffset.100.9  -4.9084 1.1268 0.012921       0.038001
logit.Roffset.100.10 -4.7943 0.9926 0.011383       0.041380
logit.Roffset.100.11 -4.0027 0.7195 0.008251       0.030009
logit.Roffset.100.12 -6.7449 1.1778 0.013507       0.044225
logit.Roffset.100.13 -6.1134 1.2210 0.014002       0.041809
logit.Roffset.100.14 -4.0738 0.6541 0.007501       0.024129
logit.Roffset.100.15 -5.1688 0.7689 0.008817       0.025047
logit.Roffset.100.16 -3.7721 0.6070 0.006960       0.025520
logit.Roffset.100.17 -6.8536 1.1854 0.013594       0.035861
logit.Roffset.100.18 -5.6859 1.0942 0.012548       0.038001
logit.Roffset.100.19 -2.9883 0.2253 0.002584       0.009097
logit.Roffset.100.20 -7.8032 1.1305 0.012964       0.042073
logit.Roffset.100.21 -3.0868 0.2761 0.003166       0.010017
logit.Roffset.100.22 -6.6982 1.1694 0.013411       0.038363
logit.Roffset.100.23 -6.2920 1.2261 0.014061       0.044540
logit.Roffset.100.24 -3.8145 0.2463 0.002824       0.010719
logit.Roffset.100.25 -5.1604 1.2848 0.014734       0.046071
logit.Roffset.100.26 -4.6815 0.3325 0.003813       0.012277
logit.Roffset.100.27 -6.4649 1.1647 0.013356       0.039587
logit.Roffset.100.28 -3.4968 0.4032 0.004623       0.013296
logit.Roffset.100.29 -3.8214 0.5659 0.006490       0.024631
logit.Roffset.100.30 -7.7653 1.0937 0.012542       0.040530
logit.Roffset.100.31 -2.8211 0.2852 0.003271       0.010158
logit.Roffset.100.32 -4.6116 0.5693 0.006529       0.019369
logit.Roffset.100.33 -1.8289 0.1637 0.001877       0.006611
logit.Roffset.100.34 -5.8448 1.2494 0.014327       0.041544
logit.Roffset.100.35 -6.0057 1.2113 0.013891       0.036341
logit.Roffset.100.36 -6.3500 1.1778 0.013507       0.050824
logit.Roffset.100.37 -5.5561 1.1974 0.013732       0.047465
logit.Roffset.100.38 -4.8328 0.4902 0.005621       0.015745
logit.Roffset.100.39 -2.9015 0.2237 0.002566       0.009058
logit.Roffset.100.40 -6.8873 1.1613 0.013317       0.042190
logit.Roffset.100.41 -5.1516 1.2306 0.014112       0.041773
logit.Roffset.100.42 -6.4202 1.3297 0.015248       0.044417
logit.Roffset.100.43 -3.9146 0.5227 0.005994       0.021544
logit.Roffset.100.44 -3.9737 0.4967 0.005696       0.018963
logit.Roffset.100.45 -4.5456 0.3081 0.003533       0.010211
logit.Roffset.100.46 -7.6132 1.0206 0.011704       0.033998
logit.Roffset.100.47 -5.6477 1.2662 0.014520       0.050026
logit.Roffset.100.48 -5.7270 1.1441 0.013120       0.053257
logit.Roffset.100.49 -5.7394 0.9271 0.010631       0.030507
logit.Roffset.100.50 -5.9382 1.2568 0.014413       0.042046
logit.Roffset.100.51 -5.9598 1.2244 0.014041       0.037300

2. Quantiles for each variable:

                         2.5%     25%     50%    75%   97.5%
mu_Roffset            -6.1153 -5.4804 -5.2025 -4.953 -4.5397
logSigma_Roffset       0.1656  0.3635  0.4833  0.613  0.8834
Tinf                  22.6993 24.0053 24.8511 25.791 27.4904
logsig2err            -2.6694 -2.5168 -2.4317 -2.355 -2.2022
logit.Roffset.100.1   -7.7495 -5.0509 -4.3306 -3.906 -3.3180
logit.Roffset.100.2   -9.7233 -7.6451 -6.8710 -6.255 -5.3956
logit.Roffset.100.3   -8.5188 -6.4457 -5.5286 -4.802 -3.9044
logit.Roffset.100.4   -9.1259 -6.8398 -5.9218 -5.241 -4.3526
logit.Roffset.100.5   -5.8766 -4.6689 -4.3091 -4.056 -3.6254
logit.Roffset.100.6   -9.4991 -7.2155 -6.2683 -5.619 -4.6936
logit.Roffset.100.7   -9.2748 -6.5614 -5.7717 -5.193 -4.4690
logit.Roffset.100.8   -5.3158 -4.1296 -3.8214 -3.555 -3.1556
logit.Roffset.100.9   -8.0163 -5.3836 -4.6197 -4.124 -3.5025
logit.Roffset.100.10  -7.4308 -5.1178 -4.5418 -4.155 -3.6694
logit.Roffset.100.11  -5.8513 -4.2669 -3.8569 -3.561 -3.1138
logit.Roffset.100.12  -9.5715 -7.4335 -6.6032 -5.875 -4.9428
logit.Roffset.100.13  -8.8641 -6.8415 -5.9419 -5.195 -4.2421
logit.Roffset.100.14  -5.7068 -4.2858 -3.9394 -3.676 -3.2477
logit.Roffset.100.15  -7.1770 -5.4684 -5.0076 -4.667 -4.1799
logit.Roffset.100.16  -5.1192 -3.9959 -3.6734 -3.406 -2.9717
logit.Roffset.100.17  -9.4559 -7.5571 -6.6915 -6.006 -4.9863
logit.Roffset.100.18  -8.5806 -6.1517 -5.4153 -4.934 -4.2821
logit.Roffset.100.19  -3.4467 -3.1433 -2.9806 -2.843 -2.5445
logit.Roffset.100.20 -10.6386 -8.3964 -7.6271 -7.008 -6.0832
logit.Roffset.100.21  -3.7194 -3.2489 -3.0726 -2.901 -2.6036
logit.Roffset.100.22  -9.5005 -7.3514 -6.5237 -5.874 -4.8720
logit.Roffset.100.23  -9.2020 -6.9432 -6.0768 -5.397 -4.5084
logit.Roffset.100.24  -4.3547 -3.9646 -3.7931 -3.645 -3.4127
logit.Roffset.100.25  -8.3568 -5.8167 -4.8452 -4.223 -3.4586
logit.Roffset.100.26  -5.4591 -4.8654 -4.6323 -4.456 -4.1620
logit.Roffset.100.27  -9.3224 -7.0580 -6.2430 -5.648 -4.7909
logit.Roffset.100.28  -4.2931 -3.6543 -3.4506 -3.254 -2.9357
logit.Roffset.100.29  -5.0645 -4.0375 -3.7163 -3.482 -3.0937
logit.Roffset.100.30 -10.4101 -8.3603 -7.5939 -6.982 -6.0903
logit.Roffset.100.31  -3.4453 -2.9823 -2.8033 -2.620 -2.3422
logit.Roffset.100.32  -5.9628 -4.8502 -4.5172 -4.229 -3.8452
logit.Roffset.100.33  -2.1809 -1.9334 -1.8261 -1.723 -1.5154
logit.Roffset.100.34  -8.9379 -6.5173 -5.6096 -4.917 -4.1559
logit.Roffset.100.35  -8.8885 -6.6987 -5.7552 -5.125 -4.2391
logit.Roffset.100.36  -9.3127 -6.9597 -6.1422 -5.481 -4.6994
logit.Roffset.100.37  -8.5961 -6.0937 -5.2593 -4.726 -4.0672
logit.Roffset.100.38  -5.9615 -5.0718 -4.7749 -4.483 -4.1241
logit.Roffset.100.39  -3.3689 -3.0476 -2.8888 -2.744 -2.4965
logit.Roffset.100.40  -9.6114 -7.5407 -6.7553 -6.063 -5.0180
logit.Roffset.100.41  -8.2792 -5.7107 -4.8428 -4.255 -3.6024
logit.Roffset.100.42  -9.5399 -7.1717 -6.2476 -5.470 -4.3527
logit.Roffset.100.43  -5.1067 -4.1092 -3.8575 -3.606 -3.2192
logit.Roffset.100.44  -5.1411 -4.1819 -3.9025 -3.665 -3.2505
logit.Roffset.100.45  -5.2270 -4.7246 -4.5231 -4.328 -4.0084
logit.Roffset.100.46 -10.0341 -8.2175 -7.4271 -6.885 -6.0833
logit.Roffset.100.47  -8.7759 -6.2611 -5.3374 -4.729 -4.0439
logit.Roffset.100.48  -8.6783 -6.2381 -5.4573 -4.930 -4.3346
logit.Roffset.100.49  -8.0880 -6.1526 -5.5576 -5.113 -4.5111
logit.Roffset.100.50  -9.1041 -6.6216 -5.6280 -5.021 -4.2796
logit.Roffset.100.51  -8.8030 -6.6748 -5.7637 -5.059 -4.1792

