
Iterations = 101:20001
Thinning interval = 1 
Number of chains = 4 
Sample size per chain = 19901 

1. Empirical mean and standard deviation for each variable,
   plus standard error of the mean:

                          Mean     SD  Naive SE Time-series SE
mu_ncoef              0.194096 0.2196 0.0007784       0.031399
logSigma_ncoef       -1.625141 0.2527 0.0008956       0.008296
mu_Roffset           -5.160771 0.5232 0.0018543       0.021183
logSigma_Roffset      0.377576 0.2184 0.0007740       0.006099
Tinf                 11.083513 2.9967 0.0106212       0.345453
logsig2err           -2.639683 0.1233 0.0004371       0.001309
logit.ncoef.1         0.106309 0.2539 0.0009000       0.015839
logit.ncoef.2         0.336659 0.2791 0.0009892       0.021570
logit.ncoef.3         0.215664 0.2536 0.0008989       0.016716
logit.ncoef.4         0.210400 0.2408 0.0008534       0.017904
logit.ncoef.5         0.153118 0.2874 0.0010187       0.014971
logit.ncoef.6         0.214152 0.2374 0.0008416       0.015842
logit.ncoef.7         0.306232 0.2893 0.0010253       0.015647
logit.ncoef.8         0.058241 0.2899 0.0010275       0.014466
logit.ncoef.9         0.118297 0.2639 0.0009355       0.014663
logit.ncoef.10        0.165909 0.2704 0.0009583       0.016472
logit.ncoef.11        0.025512 0.2444 0.0008663       0.013495
logit.ncoef.12        0.241833 0.2709 0.0009600       0.017908
logit.ncoef.13        0.308369 0.2548 0.0009031       0.016011
logit.ncoef.14        0.130308 0.2965 0.0010510       0.015653
logit.ncoef.15        0.327443 0.2738 0.0009703       0.015213
logit.ncoef.16        0.064545 0.2724 0.0009655       0.014244
logit.ncoef.17        0.313887 0.2255 0.0007992       0.018030
logit.ncoef.18        0.202003 0.2643 0.0009367       0.015508
logit.ncoef.19        0.216571 0.2866 0.0010160       0.014550
logit.ncoef.20        0.460736 0.2544 0.0009018       0.016600
logit.ncoef.21        0.093038 0.3295 0.0011677       0.014820
logit.ncoef.22        0.314926 0.2458 0.0008711       0.017575
logit.ncoef.23        0.175630 0.2390 0.0008470       0.014349
logit.ncoef.24        0.007331 0.2825 0.0010012       0.014213
logit.ncoef.25        0.144972 0.2449 0.0008681       0.015585
logit.ncoef.26        0.303012 0.2600 0.0009213       0.016397
logit.ncoef.27        0.172114 0.2552 0.0009044       0.020706
logit.ncoef.28       -0.004318 0.2885 0.0010225       0.013984
logit.ncoef.29        0.079734 0.2827 0.0010018       0.014590
logit.ncoef.30        0.519922 0.2488 0.0008818       0.017052
logit.ncoef.31        0.003441 0.3220 0.0011413       0.017680
logit.ncoef.32        0.108650 0.2854 0.0010116       0.015282
logit.ncoef.33        0.135930 0.3007 0.0010656       0.013506
logit.ncoef.34        0.156907 0.2413 0.0008552       0.015930
logit.ncoef.35        0.286346 0.2956 0.0010478       0.018157
logit.ncoef.36        0.218249 0.2534 0.0008983       0.015011
logit.ncoef.37        0.114251 0.2405 0.0008526       0.015898
logit.ncoef.38        0.241990 0.2945 0.0010437       0.014476
logit.ncoef.39        0.080024 0.3425 0.0012138       0.015932
logit.ncoef.40        0.436259 0.2653 0.0009404       0.019987
logit.ncoef.41        0.111064 0.2386 0.0008457       0.015591
logit.ncoef.42        0.378931 0.2769 0.0009813       0.018396
logit.ncoef.43       -0.004019 0.2628 0.0009315       0.016236
logit.ncoef.44        0.018093 0.2446 0.0008669       0.014077
logit.ncoef.45        0.159586 0.2484 0.0008803       0.016716
logit.ncoef.46        0.415976 0.2620 0.0009285       0.016464
logit.ncoef.47        0.275256 0.2890 0.0010242       0.015525
logit.ncoef.48        0.293713 0.2879 0.0010203       0.014832
logit.ncoef.49        0.146623 0.2648 0.0009387       0.015723
logit.ncoef.50        0.149411 0.2436 0.0008633       0.018519
logit.ncoef.51        0.179070 0.2725 0.0009660       0.017772
logit.Roffset.100.1  -4.929012 1.3995 0.0049604       0.027994
logit.Roffset.100.2  -6.869106 1.0671 0.0037822       0.018368
logit.Roffset.100.3  -5.459881 1.3564 0.0048074       0.022397
logit.Roffset.100.4  -5.778805 1.2779 0.0045291       0.022415
logit.Roffset.100.5  -4.685586 1.1280 0.0039979       0.025009
logit.Roffset.100.6  -5.718294 1.2573 0.0044563       0.023469
logit.Roffset.100.7  -4.830985 1.0929 0.0038738       0.028642
logit.Roffset.100.8  -4.605318 1.3167 0.0046668       0.026384
logit.Roffset.100.9  -4.946712 1.3760 0.0048770       0.027782
logit.Roffset.100.10 -5.065390 1.2825 0.0045456       0.024763
logit.Roffset.100.11 -4.947985 1.4258 0.0050535       0.027487
logit.Roffset.100.12 -6.521777 1.1750 0.0041646       0.020328
logit.Roffset.100.13 -5.312439 1.2833 0.0045483       0.022554
logit.Roffset.100.14 -4.351284 1.2283 0.0043535       0.029712
logit.Roffset.100.15 -4.500576 0.6055 0.0021462       0.011730
logit.Roffset.100.16 -4.405518 1.3391 0.0047462       0.030694
logit.Roffset.100.17 -6.024540 1.2347 0.0043761       0.021300
logit.Roffset.100.18 -5.351849 1.1653 0.0041303       0.021381
logit.Roffset.100.19 -2.966647 0.2962 0.0010500       0.005518
logit.Roffset.100.20 -7.120862 1.0519 0.0037282       0.019773
logit.Roffset.100.21 -3.411721 1.0074 0.0035704       0.028623
logit.Roffset.100.22 -5.872013 1.2396 0.0043936       0.022354
logit.Roffset.100.23 -5.484215 1.3081 0.0046363       0.027225
logit.Roffset.100.24 -4.351155 0.9709 0.0034413       0.025558
logit.Roffset.100.25 -5.035112 1.4273 0.0050588       0.027286
logit.Roffset.100.26 -4.349392 0.3009 0.0010666       0.005122
logit.Roffset.100.27 -6.406114 1.1445 0.0040565       0.019496
logit.Roffset.100.28 -4.462792 1.3809 0.0048944       0.032511
logit.Roffset.100.29 -4.586242 1.3163 0.0046653       0.028744
logit.Roffset.100.30 -7.069069 1.0725 0.0038012       0.019957
logit.Roffset.100.31 -3.640395 1.4486 0.0051343       0.048614
logit.Roffset.100.32 -5.136400 1.1574 0.0041022       0.023037
logit.Roffset.100.33 -1.829000 0.2152 0.0007626       0.004758
logit.Roffset.100.34 -5.637320 1.2811 0.0045405       0.023443
logit.Roffset.100.35 -5.795109 1.2051 0.0042711       0.019531
logit.Roffset.100.36 -5.566854 1.1671 0.0041367       0.021872
logit.Roffset.100.37 -5.660187 1.2662 0.0044877       0.024152
logit.Roffset.100.38 -4.762682 0.7373 0.0026133       0.014556
logit.Roffset.100.39 -3.158309 0.8741 0.0030982       0.027578
logit.Roffset.100.40 -6.368933 1.1758 0.0041673       0.020109
logit.Roffset.100.41 -5.266499 1.3684 0.0048501       0.025113
logit.Roffset.100.42 -6.187788 1.2630 0.0044764       0.020298
logit.Roffset.100.43 -5.109876 1.3237 0.0046915       0.026204
logit.Roffset.100.44 -4.921402 1.3014 0.0046125       0.026274
logit.Roffset.100.45 -4.578379 0.4195 0.0014868       0.006597
logit.Roffset.100.46 -7.156434 1.0344 0.0036661       0.018665
logit.Roffset.100.47 -4.685977 1.1259 0.0039907       0.023461
logit.Roffset.100.48 -4.913899 0.9856 0.0034933       0.020615
logit.Roffset.100.49 -5.850774 1.1213 0.0039741       0.020762
logit.Roffset.100.50 -5.895598 1.2352 0.0043779       0.021049
logit.Roffset.100.51 -5.791541 1.2410 0.0043984       0.019632

2. Quantiles for each variable:

                         2.5%       25%       50%     75%   97.5%
mu_ncoef             -0.16495  0.049344  0.160355  0.2992  0.7199
logSigma_ncoef       -2.17353 -1.775981 -1.615515 -1.4588 -1.1609
mu_Roffset           -6.39660 -5.434855 -5.086501 -4.7981 -4.3609
logSigma_Roffset     -0.01235  0.227154  0.363603  0.5132  0.8451
Tinf                  5.13837  9.166837 11.164388 12.9787 17.0287
logsig2err           -2.88068 -2.722742 -2.640008 -2.5556 -2.4017
logit.ncoef.1        -0.29482 -0.070890  0.071195  0.2440  0.7038
logit.ncoef.2        -0.12415  0.146477  0.302437  0.4971  0.9812
logit.ncoef.3        -0.20027  0.044542  0.180724  0.3564  0.8031
logit.ncoef.4        -0.18178  0.042753  0.177689  0.3445  0.7704
logit.ncoef.5        -0.32590 -0.045888  0.118868  0.3188  0.8044
logit.ncoef.6        -0.16690  0.053782  0.178228  0.3377  0.7756
logit.ncoef.7        -0.15159  0.104171  0.263256  0.4698  0.9798
logit.ncoef.8        -0.40245 -0.151805  0.021662  0.2248  0.7309
logit.ncoef.9        -0.30606 -0.067350  0.079083  0.2698  0.7265
logit.ncoef.10       -0.27680 -0.020907  0.129103  0.3182  0.7931
logit.ncoef.11       -0.37107 -0.146012 -0.009145  0.1659  0.5940
logit.ncoef.12       -0.21996  0.053841  0.213308  0.4027  0.8475
logit.ncoef.13       -0.09739  0.131765  0.270759  0.4522  0.8993
logit.ncoef.14       -0.33531 -0.084066  0.093471  0.2971  0.8183
logit.ncoef.15       -0.13500  0.136375  0.295043  0.4834  0.9527
logit.ncoef.16       -0.36860 -0.128338  0.027388  0.2209  0.6996
logit.ncoef.17       -0.05556  0.159041  0.282492  0.4379  0.8492
logit.ncoef.18       -0.22894  0.020901  0.164663  0.3480  0.8127
logit.ncoef.19       -0.28782  0.021128  0.186824  0.3821  0.8584
logit.ncoef.20        0.04713  0.283255  0.424852  0.6065  1.0527
logit.ncoef.21       -0.49541 -0.131778  0.074385  0.2952  0.7996
logit.ncoef.22       -0.08428  0.147794  0.281248  0.4488  0.8803
logit.ncoef.23       -0.19926  0.011898  0.137044  0.3004  0.7495
logit.ncoef.24       -0.47284 -0.190579 -0.018941  0.1770  0.6494
logit.ncoef.25       -0.25612 -0.019217  0.107602  0.2791  0.7209
logit.ncoef.26       -0.11885  0.120432  0.269527  0.4535  0.9048
logit.ncoef.27       -0.24797 -0.003332  0.139515  0.3117  0.7605
logit.ncoef.28       -0.47386 -0.212954 -0.037149  0.1707  0.6418
logit.ncoef.29       -0.38700 -0.117405  0.047220  0.2466  0.7260
logit.ncoef.30        0.11279  0.346834  0.489102  0.6600  1.0993
logit.ncoef.31       -0.50899 -0.234056 -0.039037  0.1942  0.7506
logit.ncoef.32       -0.37436 -0.091875  0.078413  0.2807  0.7312
logit.ncoef.33       -0.40023 -0.068552  0.115096  0.3168  0.7854
logit.ncoef.34       -0.24011 -0.011068  0.124913  0.2885  0.7219
logit.ncoef.35       -0.22326  0.082993  0.255012  0.4591  0.9411
logit.ncoef.36       -0.17809  0.041578  0.180554  0.3601  0.8126
logit.ncoef.37       -0.27394 -0.050760  0.077517  0.2477  0.6780
logit.ncoef.38       -0.26905  0.039343  0.214439  0.4213  0.8807
logit.ncoef.39       -0.55629 -0.145335  0.069650  0.2920  0.8106
logit.ncoef.40        0.00596  0.253594  0.400420  0.5844  1.0624
logit.ncoef.41       -0.27635 -0.052701  0.079900  0.2414  0.6669
logit.ncoef.42       -0.08877  0.190115  0.345282  0.5378  1.0126
logit.ncoef.43       -0.42875 -0.186079 -0.041518  0.1468  0.5915
logit.ncoef.44       -0.39735 -0.150525 -0.012084  0.1603  0.5622
logit.ncoef.45       -0.25977 -0.009532  0.132332  0.3000  0.7208
logit.ncoef.46       -0.01960  0.235263  0.384153  0.5690  1.0211
logit.ncoef.47       -0.19402  0.075237  0.235848  0.4390  0.9449
logit.ncoef.48       -0.17913  0.094022  0.256634  0.4615  0.9303
logit.ncoef.49       -0.29469 -0.038431  0.114648  0.3000  0.7423
logit.ncoef.50       -0.25117 -0.017782  0.116626  0.2888  0.7089
logit.ncoef.51       -0.27903 -0.009115  0.149440  0.3340  0.7998
logit.Roffset.100.1  -8.34422 -5.692913 -4.632698 -3.8685 -3.0903
logit.Roffset.100.2  -9.46223 -7.425374 -6.683249 -6.1060 -5.3437
logit.Roffset.100.3  -8.76299 -6.168018 -5.199659 -4.4840 -3.5896
logit.Roffset.100.4  -8.86731 -6.458895 -5.549503 -4.8551 -3.9563
logit.Roffset.100.5  -7.80959 -5.061217 -4.345138 -3.9285 -3.4509
logit.Roffset.100.6  -8.73628 -6.383693 -5.468735 -4.7975 -4.0076
logit.Roffset.100.7  -7.79016 -5.220643 -4.502832 -4.1065 -3.6549
logit.Roffset.100.8  -7.94296 -5.242781 -4.227085 -3.6418 -3.0616
logit.Roffset.100.9  -8.36208 -5.676709 -4.614233 -3.9077 -3.2436
logit.Roffset.100.10 -8.32490 -5.701477 -4.740229 -4.1349 -3.4724
logit.Roffset.100.11 -8.41351 -5.744162 -4.665776 -3.8539 -3.0865
logit.Roffset.100.12 -9.29298 -7.169031 -6.354393 -5.6954 -4.7158
logit.Roffset.100.13 -8.45095 -5.967609 -5.036852 -4.3809 -3.6395
logit.Roffset.100.14 -7.66197 -4.818128 -3.945416 -3.5081 -3.0599
logit.Roffset.100.15 -5.97526 -4.708044 -4.388045 -4.1362 -3.7691
logit.Roffset.100.16 -7.79355 -5.033856 -4.033293 -3.4272 -2.8534
logit.Roffset.100.17 -8.96354 -6.696611 -5.831980 -5.1352 -4.2028
logit.Roffset.100.18 -8.32252 -5.877875 -5.066533 -4.5345 -3.9144
logit.Roffset.100.19 -3.63356 -3.140380 -2.933528 -2.7617 -2.4864
logit.Roffset.100.20 -9.66855 -7.656381 -6.931585 -6.3749 -5.6249
logit.Roffset.100.21 -6.46059 -3.556024 -3.086199 -2.8364 -2.5255
logit.Roffset.100.22 -8.82455 -6.545539 -5.636393 -4.9681 -4.1407
logit.Roffset.100.23 -8.61042 -6.167629 -5.227231 -4.5239 -3.7581
logit.Roffset.100.24 -7.07955 -4.617865 -4.076874 -3.7575 -3.3503
logit.Roffset.100.25 -8.40759 -5.813960 -4.743627 -3.9716 -3.1545
logit.Roffset.100.26 -5.03367 -4.519113 -4.317104 -4.1383 -3.8573
logit.Roffset.100.27 -9.17587 -7.007489 -6.211290 -5.5989 -4.7387
logit.Roffset.100.28 -7.89164 -5.155048 -4.059956 -3.4468 -2.8932
logit.Roffset.100.29 -7.99617 -5.203952 -4.211765 -3.6308 -3.0602
logit.Roffset.100.30 -9.67750 -7.599784 -6.886289 -6.3244 -5.5362
logit.Roffset.100.31 -7.40382 -4.259992 -3.090579 -2.6146 -2.1872
logit.Roffset.100.32 -8.14865 -5.595315 -4.825999 -4.3409 -3.8070
logit.Roffset.100.33 -2.32725 -1.943045 -1.806195 -1.6861 -1.4778
logit.Roffset.100.34 -8.74156 -6.322686 -5.404924 -4.6944 -3.8616
logit.Roffset.100.35 -8.73219 -6.383014 -5.559520 -4.9489 -4.1520
logit.Roffset.100.36 -8.48044 -6.138295 -5.317052 -4.7258 -4.0792
logit.Roffset.100.37 -8.69785 -6.333373 -5.442340 -4.7330 -3.8793
logit.Roffset.100.38 -6.77832 -4.976408 -4.591146 -4.3228 -3.9515
logit.Roffset.100.39 -5.91875 -3.223180 -2.901849 -2.7072 -2.4298
logit.Roffset.100.40 -9.14507 -7.015714 -6.180021 -5.5208 -4.6171
logit.Roffset.100.41 -8.53134 -6.022128 -5.017765 -4.2478 -3.3811
logit.Roffset.100.42 -9.14988 -6.890682 -6.023207 -5.2968 -4.2072
logit.Roffset.100.43 -8.35493 -5.825427 -4.829472 -4.1300 -3.3545
logit.Roffset.100.44 -8.12812 -5.586785 -4.616019 -3.9733 -3.2922
logit.Roffset.100.45 -5.54295 -4.799370 -4.526846 -4.2901 -3.9390
logit.Roffset.100.46 -9.68486 -7.688137 -6.982147 -6.4246 -5.6610
logit.Roffset.100.47 -7.78377 -5.078804 -4.366382 -3.9387 -3.4445
logit.Roffset.100.48 -7.60844 -5.235441 -4.640689 -4.2731 -3.8248
logit.Roffset.100.49 -8.67064 -6.387766 -5.591753 -5.0512 -4.4083
logit.Roffset.100.50 -8.84639 -6.555359 -5.684419 -4.9970 -4.1402
logit.Roffset.100.51 -8.80736 -6.438284 -5.580100 -4.9055 -4.0239

