
Iterations = 101:9601
Thinning interval = 5 
Number of chains = 4 
Sample size per chain = 1901 

1. Empirical mean and standard deviation for each variable,
   plus standard error of the mean:

                        Mean     SD Naive SE Time-series SE
mu_Roffset           -4.7441 0.3484 0.003996       0.032984
logSigma_Roffset      0.3327 0.1729 0.001982       0.010928
Tinf                 15.1253 1.1259 0.012911       0.120284
logsig2err           -2.5307 0.1190 0.001364       0.003599
logit.Roffset.100.1  -3.9635 0.6790 0.007787       0.030948
logit.Roffset.100.2  -6.7198 0.9168 0.010514       0.042336
logit.Roffset.100.3  -5.1238 1.0352 0.011871       0.048623
logit.Roffset.100.4  -5.4781 1.0127 0.011613       0.044873
logit.Roffset.100.5  -4.1073 0.3969 0.004551       0.017049
logit.Roffset.100.6  -5.5882 0.9644 0.011060       0.040763
logit.Roffset.100.7  -5.0224 0.8035 0.009214       0.050727
logit.Roffset.100.8  -3.6461 0.4802 0.005507       0.022161
logit.Roffset.100.9  -4.1197 0.6422 0.007365       0.029370
logit.Roffset.100.10 -4.4202 0.7192 0.008248       0.034963
logit.Roffset.100.11 -3.5896 0.4148 0.004757       0.015268
logit.Roffset.100.12 -6.2547 0.9900 0.011354       0.035884
logit.Roffset.100.13 -5.4624 0.9957 0.011418       0.037240
logit.Roffset.100.14 -3.6968 0.3644 0.004179       0.014301
logit.Roffset.100.15 -4.6505 0.4341 0.004978       0.015750
logit.Roffset.100.16 -3.4262 0.3729 0.004276       0.015921
logit.Roffset.100.17 -6.2220 1.0275 0.011783       0.035304
logit.Roffset.100.18 -5.0245 0.7341 0.008419       0.027444
logit.Roffset.100.19 -2.9132 0.2157 0.002474       0.008883
logit.Roffset.100.20 -7.2817 0.9267 0.010628       0.039007
logit.Roffset.100.21 -2.9425 0.2272 0.002606       0.008965
logit.Roffset.100.22 -5.9768 0.9826 0.011268       0.034290
logit.Roffset.100.23 -5.1169 0.8909 0.010217       0.046088
logit.Roffset.100.24 -3.6713 0.2005 0.002299       0.008217
logit.Roffset.100.25 -4.2784 0.8336 0.009559       0.034966
logit.Roffset.100.26 -4.4472 0.2560 0.002936       0.011552
logit.Roffset.100.27 -6.0150 0.9578 0.010983       0.051853
logit.Roffset.100.28 -3.3141 0.2914 0.003342       0.010488
logit.Roffset.100.29 -3.6325 0.3740 0.004289       0.014912
logit.Roffset.100.30 -7.2641 0.9454 0.010842       0.036402
logit.Roffset.100.31 -2.6026 0.2243 0.002572       0.009004
logit.Roffset.100.32 -4.4319 0.4586 0.005259       0.019390
logit.Roffset.100.33 -1.7682 0.1533 0.001759       0.006731
logit.Roffset.100.34 -5.1244 0.9759 0.011191       0.048005
logit.Roffset.100.35 -5.6095 0.9897 0.011350       0.037732
logit.Roffset.100.36 -5.4109 0.8538 0.009791       0.036558
logit.Roffset.100.37 -4.8297 0.7731 0.008866       0.037177
logit.Roffset.100.38 -4.6081 0.3790 0.004346       0.014770
logit.Roffset.100.39 -2.7710 0.1973 0.002263       0.008398
logit.Roffset.100.40 -6.3930 0.9765 0.011198       0.042356
logit.Roffset.100.41 -4.3491 0.7848 0.008999       0.041862
logit.Roffset.100.42 -5.9168 1.0571 0.012122       0.032025
logit.Roffset.100.43 -3.7445 0.3659 0.004196       0.015529
logit.Roffset.100.44 -3.7369 0.3708 0.004253       0.015027
logit.Roffset.100.45 -4.4135 0.2791 0.003201       0.011040
logit.Roffset.100.46 -7.1514 0.8574 0.009832       0.029204
logit.Roffset.100.47 -4.7136 0.8259 0.009471       0.036426
logit.Roffset.100.48 -4.9638 0.6667 0.007646       0.030797
logit.Roffset.100.49 -5.2934 0.6498 0.007451       0.023181
logit.Roffset.100.50 -5.3035 0.9318 0.010685       0.042824
logit.Roffset.100.51 -5.4518 1.0296 0.011808       0.035204

2. Quantiles for each variable:

                         2.5%     25%     50%     75%   97.5%
mu_Roffset           -5.55189 -4.9463 -4.7041 -4.4992 -4.1777
logSigma_Roffset      0.02238  0.2114  0.3237  0.4409  0.6997
Tinf                 13.05356 14.2996 15.1037 15.8810 17.4448
logsig2err           -2.75961 -2.6107 -2.5305 -2.4484 -2.3034
logit.Roffset.100.1  -5.66722 -4.2234 -3.8139 -3.5313 -3.0976
logit.Roffset.100.2  -8.91439 -7.2226 -6.5823 -6.0739 -5.3278
logit.Roffset.100.3  -7.80389 -5.6425 -4.9200 -4.3782 -3.6632
logit.Roffset.100.4  -8.09418 -5.9405 -5.2780 -4.7597 -4.1112
logit.Roffset.100.5  -4.99290 -4.3083 -4.0593 -3.8347 -3.4856
logit.Roffset.100.6  -8.00085 -6.0589 -5.3996 -4.9054 -4.2810
logit.Roffset.100.7  -7.13296 -5.3252 -4.8481 -4.5091 -4.0680
logit.Roffset.100.8  -4.55370 -3.7960 -3.5844 -3.3997 -3.0123
logit.Roffset.100.9  -5.72491 -4.4066 -3.9927 -3.6955 -3.2893
logit.Roffset.100.10 -6.47726 -4.6670 -4.2638 -3.9639 -3.5045
logit.Roffset.100.11 -4.54620 -3.7832 -3.5389 -3.3064 -2.9839
logit.Roffset.100.12 -8.48040 -6.8541 -6.1441 -5.5413 -4.6743
logit.Roffset.100.13 -7.78251 -6.0278 -5.3089 -4.7227 -3.9962
logit.Roffset.100.14 -4.55519 -3.8802 -3.6488 -3.4584 -3.1218
logit.Roffset.100.15 -5.63689 -4.8777 -4.5953 -4.3486 -3.9866
logit.Roffset.100.16 -4.31753 -3.6132 -3.3722 -3.1936 -2.8642
logit.Roffset.100.17 -8.58248 -6.8186 -6.0579 -5.4933 -4.5993
logit.Roffset.100.18 -6.93599 -5.3202 -4.8698 -4.5418 -4.0703
logit.Roffset.100.19 -3.33094 -3.0497 -2.9105 -2.7723 -2.4986
logit.Roffset.100.20 -9.43919 -7.7863 -7.1431 -6.6370 -5.8434
logit.Roffset.100.21 -3.44797 -3.0807 -2.9392 -2.7950 -2.5267
logit.Roffset.100.22 -8.38355 -6.4910 -5.8267 -5.2711 -4.4781
logit.Roffset.100.23 -7.32211 -5.4831 -4.9210 -4.5186 -3.9936
logit.Roffset.100.24 -4.07826 -3.7979 -3.6590 -3.5395 -3.2889
logit.Roffset.100.25 -6.49736 -4.6257 -4.0889 -3.7307 -3.1943
logit.Roffset.100.26 -4.99489 -4.6009 -4.4212 -4.2704 -4.0256
logit.Roffset.100.27 -8.34534 -6.4786 -5.8329 -5.3452 -4.6621
logit.Roffset.100.28 -3.95025 -3.4914 -3.2933 -3.1080 -2.8266
logit.Roffset.100.29 -4.53445 -3.8326 -3.5797 -3.3861 -3.0569
logit.Roffset.100.30 -9.41966 -7.7777 -7.1292 -6.6076 -5.8776
logit.Roffset.100.31 -3.03897 -2.7537 -2.5920 -2.4416 -2.2043
logit.Roffset.100.32 -5.56767 -4.6512 -4.3579 -4.1183 -3.7829
logit.Roffset.100.33 -2.06056 -1.8656 -1.7695 -1.6650 -1.4889
logit.Roffset.100.34 -7.83267 -5.5152 -4.8934 -4.4954 -3.9176
logit.Roffset.100.35 -7.97414 -6.1224 -5.4405 -4.9083 -4.1388
logit.Roffset.100.36 -7.59213 -5.8265 -5.2126 -4.8267 -4.2808
logit.Roffset.100.37 -6.88821 -5.1121 -4.6548 -4.3216 -3.8118
logit.Roffset.100.38 -5.45713 -4.7983 -4.5721 -4.3681 -3.9915
logit.Roffset.100.39 -3.18987 -2.8953 -2.7732 -2.6276 -2.4123
logit.Roffset.100.40 -8.58162 -6.9839 -6.2909 -5.6783 -4.8437
logit.Roffset.100.41 -6.40112 -4.6499 -4.2001 -3.8142 -3.3569
logit.Roffset.100.42 -8.39355 -6.5536 -5.7946 -5.1368 -4.2429
logit.Roffset.100.43 -4.60335 -3.9494 -3.6929 -3.4938 -3.1727
logit.Roffset.100.44 -4.59008 -3.9312 -3.6903 -3.4972 -3.1383
logit.Roffset.100.45 -5.01351 -4.5915 -4.3942 -4.2075 -3.9276
logit.Roffset.100.46 -9.17733 -7.6338 -7.0119 -6.5593 -5.8227
logit.Roffset.100.47 -6.90310 -4.9979 -4.5283 -4.1918 -3.7064
logit.Roffset.100.48 -6.69258 -5.2397 -4.8277 -4.5156 -4.0788
logit.Roffset.100.49 -6.86393 -5.6363 -5.1659 -4.8363 -4.3822
logit.Roffset.100.50 -7.58244 -5.7532 -5.1107 -4.6574 -4.0263
logit.Roffset.100.51 -7.94674 -6.0336 -5.2696 -4.6973 -3.9739

