
Iterations = 101:9601
Thinning interval = 5 
Number of chains = 4 
Sample size per chain = 1901 

1. Empirical mean and standard deviation for each variable,
   plus standard error of the mean:

                 Mean        SD  Naive SE Time-series SE
iter       1050.00000 5.488e+02 6.2935971      0.0000000
sig2err       0.08017 9.545e-03 0.0001095      0.0002868
ncoef.1       0.50000 0.000e+00 0.0000000      0.0000000
ncoef.2       0.50000 0.000e+00 0.0000000      0.0000000
ncoef.3       0.50000 0.000e+00 0.0000000      0.0000000
ncoef.4       0.50000 0.000e+00 0.0000000      0.0000000
ncoef.5       0.50000 0.000e+00 0.0000000      0.0000000
ncoef.6       0.50000 0.000e+00 0.0000000      0.0000000
ncoef.7       0.50000 0.000e+00 0.0000000      0.0000000
ncoef.8       0.50000 0.000e+00 0.0000000      0.0000000
ncoef.9       0.50000 0.000e+00 0.0000000      0.0000000
ncoef.10      0.50000 0.000e+00 0.0000000      0.0000000
ncoef.11      0.50000 0.000e+00 0.0000000      0.0000000
ncoef.12      0.50000 0.000e+00 0.0000000      0.0000000
ncoef.13      0.50000 0.000e+00 0.0000000      0.0000000
ncoef.14      0.50000 0.000e+00 0.0000000      0.0000000
ncoef.15      0.50000 0.000e+00 0.0000000      0.0000000
ncoef.16      0.50000 0.000e+00 0.0000000      0.0000000
ncoef.17      0.50000 0.000e+00 0.0000000      0.0000000
ncoef.18      0.50000 0.000e+00 0.0000000      0.0000000
ncoef.19      0.50000 0.000e+00 0.0000000      0.0000000
ncoef.20      0.50000 0.000e+00 0.0000000      0.0000000
ncoef.21      0.50000 0.000e+00 0.0000000      0.0000000
ncoef.22      0.50000 0.000e+00 0.0000000      0.0000000
ncoef.23      0.50000 0.000e+00 0.0000000      0.0000000
ncoef.24      0.50000 0.000e+00 0.0000000      0.0000000
ncoef.25      0.50000 0.000e+00 0.0000000      0.0000000
ncoef.26      0.50000 0.000e+00 0.0000000      0.0000000
ncoef.27      0.50000 0.000e+00 0.0000000      0.0000000
ncoef.28      0.50000 0.000e+00 0.0000000      0.0000000
ncoef.29      0.50000 0.000e+00 0.0000000      0.0000000
ncoef.30      0.50000 0.000e+00 0.0000000      0.0000000
ncoef.31      0.50000 0.000e+00 0.0000000      0.0000000
ncoef.32      0.50000 0.000e+00 0.0000000      0.0000000
ncoef.33      0.50000 0.000e+00 0.0000000      0.0000000
ncoef.34      0.50000 0.000e+00 0.0000000      0.0000000
ncoef.35      0.50000 0.000e+00 0.0000000      0.0000000
ncoef.36      0.50000 0.000e+00 0.0000000      0.0000000
ncoef.37      0.50000 0.000e+00 0.0000000      0.0000000
ncoef.38      0.50000 0.000e+00 0.0000000      0.0000000
ncoef.39      0.50000 0.000e+00 0.0000000      0.0000000
ncoef.40      0.50000 0.000e+00 0.0000000      0.0000000
ncoef.41      0.50000 0.000e+00 0.0000000      0.0000000
ncoef.42      0.50000 0.000e+00 0.0000000      0.0000000
ncoef.43      0.50000 0.000e+00 0.0000000      0.0000000
ncoef.44      0.50000 0.000e+00 0.0000000      0.0000000
ncoef.45      0.50000 0.000e+00 0.0000000      0.0000000
ncoef.46      0.50000 0.000e+00 0.0000000      0.0000000
ncoef.47      0.50000 0.000e+00 0.0000000      0.0000000
ncoef.48      0.50000 0.000e+00 0.0000000      0.0000000
ncoef.49      0.50000 0.000e+00 0.0000000      0.0000000
ncoef.50      0.50000 0.000e+00 0.0000000      0.0000000
ncoef.51      0.50000 0.000e+00 0.0000000      0.0000000
Roffset.1     2.17490 1.020e+00 0.0116965      0.0388030
Roffset.2     0.16694 1.235e-01 0.0014167      0.0038655
Roffset.3     0.86121 6.466e-01 0.0074154      0.0224352
Roffset.4     0.59556 4.302e-01 0.0049336      0.0156118
Roffset.5     1.72809 5.844e-01 0.0067019      0.0221116
Roffset.6     0.52136 3.717e-01 0.0042630      0.0134042
Roffset.7     0.80763 4.273e-01 0.0049000      0.0188635
Roffset.8     2.71989 8.676e-01 0.0099493      0.0306043
Roffset.9     1.84193 8.391e-01 0.0096226      0.0316867
Roffset.10    1.41947 6.997e-01 0.0080241      0.0266662
Roffset.11    2.87136 9.607e-01 0.0110168      0.0402993
Roffset.12    0.28506 2.454e-01 0.0028138      0.0077399
Roffset.13    0.61643 5.090e-01 0.0058369      0.0203231
Roffset.14    2.55608 7.952e-01 0.0091192      0.0311400
Roffset.15    1.02593 3.849e-01 0.0044140      0.0135648
Roffset.16    3.32860 1.045e+00 0.0119827      0.0376379
Roffset.17    0.29940 2.567e-01 0.0029443      0.0076695
Roffset.18    0.79033 4.133e-01 0.0047397      0.0123367
Roffset.19    5.25219 1.065e+00 0.0122179      0.0455578
Roffset.20    0.09581 7.303e-02 0.0008375      0.0022600
Roffset.21    5.11862 1.084e+00 0.0124341      0.0414690
Roffset.22    0.36543 2.916e-01 0.0033441      0.0083115
Roffset.23    0.77806 4.726e-01 0.0054192      0.0208980
Roffset.24    2.52723 4.888e-01 0.0056056      0.0202413
Roffset.25    1.72549 9.829e-01 0.0112715      0.0357620
Roffset.26    1.19328 2.882e-01 0.0033053      0.0125975
Roffset.27    0.34095 2.479e-01 0.0028424      0.0097458
Roffset.28    3.63896 9.714e-01 0.0111396      0.0348105
Roffset.29    2.72656 8.543e-01 0.0097969      0.0318677
Roffset.30    0.09766 7.411e-02 0.0008498      0.0020542
Roffset.31    7.03471 1.439e+00 0.0165018      0.0589666
Roffset.32    1.27919 4.751e-01 0.0054486      0.0177452
Roffset.33   14.68054 1.928e+00 0.0221044      0.0836919
Roffset.34    0.79899 5.024e-01 0.0057611      0.0242236
Roffset.35    0.52798 4.171e-01 0.0047837      0.0104763
Roffset.36    0.57524 3.498e-01 0.0040119      0.0127783
Roffset.37    0.97325 5.218e-01 0.0059836      0.0232958
Roffset.38    1.04954 3.474e-01 0.0039837      0.0113684
Roffset.39    5.98573 1.092e+00 0.0125202      0.0463952
Roffset.40    0.24625 2.094e-01 0.0024015      0.0067460
Roffset.41    1.56575 8.355e-01 0.0095812      0.0348166
Roffset.42    0.41900 3.808e-01 0.0043666      0.0096755
Roffset.43    2.44155 7.641e-01 0.0087628      0.0317430
Roffset.44    2.46472 7.937e-01 0.0091022      0.0309474
Roffset.45    1.24080 3.283e-01 0.0037647      0.0130649
Roffset.46    0.10552 7.698e-02 0.0008828      0.0021755
Roffset.47    1.10772 5.981e-01 0.0068590      0.0192443
Roffset.48    0.81657 3.979e-01 0.0045631      0.0153084
Roffset.49    0.58976 3.025e-01 0.0034685      0.0094556
Roffset.50    0.67304 4.549e-01 0.0052169      0.0157971
Roffset.51    0.62646 4.919e-01 0.0056415      0.0139747
lnlike.1      0.04228 9.217e-01 0.0105696      0.0306292
lnlike.2    -10.43888 8.379e-01 0.0096089      0.0210757
lnlike.3     -2.20948 4.452e-01 0.0051051      0.0120661
lnlike.4     -0.90448 4.601e-01 0.0052759      0.0115800
lnlike.5     -0.38548 8.167e-01 0.0093662      0.0307971
lnlike.6     -0.82336 4.737e-01 0.0054328      0.0117201
lnlike.7    -10.73065 8.301e-01 0.0095192      0.0243020
lnlike.8     -1.11391 9.534e-01 0.0109336      0.0369717
lnlike.9     -5.69275 7.984e-01 0.0091562      0.0253416
lnlike.10     0.43065 8.406e-01 0.0096398      0.0259203
lnlike.11     0.05988 8.908e-01 0.0102155      0.0282733
lnlike.12    -4.29832 7.310e-01 0.0083828      0.0218421
lnlike.13    -1.95066 5.745e-01 0.0065887      0.0252975
lnlike.14   -10.17498 1.197e+00 0.0137276      0.0382249
lnlike.15    -3.67330 7.676e-01 0.0088032      0.0367137
lnlike.16    -1.52858 9.130e-01 0.0104706      0.0337967
lnlike.17    -1.29750 7.521e-01 0.0086253      0.0307346
lnlike.18    -2.93694 6.190e-01 0.0070982      0.0187110
lnlike.19    -1.36804 7.894e-01 0.0090527      0.0346832
lnlike.20    -6.97164 1.138e+00 0.0130473      0.0432741
lnlike.21    -0.82126 8.216e-01 0.0094220      0.0347668
lnlike.22    -5.50307 6.020e-01 0.0069040      0.0156507
lnlike.23    -2.78412 5.026e-01 0.0057637      0.0141786
lnlike.24    -4.63425 7.531e-01 0.0086361      0.0391825
lnlike.25    -1.89125 6.755e-01 0.0077462      0.0190818
lnlike.26    -5.01265 7.102e-01 0.0081448      0.0331728
lnlike.27    -3.67058 6.380e-01 0.0073169      0.0334493
lnlike.28    -1.54431 8.075e-01 0.0092599      0.0293486
lnlike.29     0.97935 8.909e-01 0.0102171      0.0316065
lnlike.30    -7.39716 1.391e+00 0.0159553      0.0714630
lnlike.31     1.10862 8.080e-01 0.0092655      0.0309982
lnlike.32    -4.14668 8.066e-01 0.0092494      0.0288663
lnlike.33    -1.11200 8.384e-01 0.0096151      0.0427628
lnlike.34    -2.54915 5.290e-01 0.0060670      0.0147574
lnlike.35   -15.05612 5.766e-01 0.0066123      0.0144584
lnlike.36    -5.63558 5.483e-01 0.0062882      0.0149529
lnlike.37    -3.59448 6.548e-01 0.0075096      0.0219519
lnlike.38    -3.34103 7.981e-01 0.0091522      0.0297986
lnlike.39    -0.91490 7.945e-01 0.0091113      0.0372501
lnlike.40    -2.91173 9.544e-01 0.0109451      0.0483464
lnlike.41    -0.95182 7.405e-01 0.0084918      0.0211579
lnlike.42    -4.87474 5.932e-01 0.0068026      0.0163634
lnlike.43    -1.54406 7.471e-01 0.0085674      0.0251058
lnlike.44    -0.59916 8.537e-01 0.0097895      0.0295159
lnlike.45    -2.66941 7.053e-01 0.0080881      0.0267860
lnlike.46    -8.17034 9.884e-01 0.0113350      0.0256260
lnlike.47    -6.32867 7.737e-01 0.0088723      0.0246345
lnlike.48    -6.08509 7.343e-01 0.0084205      0.0245392
lnlike.49    -3.18963 5.740e-01 0.0065830      0.0160573
lnlike.50    -5.90727 6.466e-01 0.0074150      0.0354843
lnlike.51    -3.33472 4.258e-01 0.0048828      0.0113854
lnprior      -2.27512 1.327e-01 0.0015218      0.0125359
lnpopprior  -89.38497 7.304e+00 0.0837661      0.5685401
lnlike     -180.05342 6.666e+00 0.0764481      0.3409426
lnpost     -271.71351 1.062e+01 0.1217552      1.0013707

2. Quantiles for each variable:

                 2.5%        25%        50%        75%      97.5%
iter        1.470e+02  575.00000 1050.00000 1525.00000 1953.00000
sig2err     6.332e-02    0.07348    0.07962    0.08643    0.09992
ncoef.1     5.000e-01    0.50000    0.50000    0.50000    0.50000
ncoef.2     5.000e-01    0.50000    0.50000    0.50000    0.50000
ncoef.3     5.000e-01    0.50000    0.50000    0.50000    0.50000
ncoef.4     5.000e-01    0.50000    0.50000    0.50000    0.50000
ncoef.5     5.000e-01    0.50000    0.50000    0.50000    0.50000
ncoef.6     5.000e-01    0.50000    0.50000    0.50000    0.50000
ncoef.7     5.000e-01    0.50000    0.50000    0.50000    0.50000
ncoef.8     5.000e-01    0.50000    0.50000    0.50000    0.50000
ncoef.9     5.000e-01    0.50000    0.50000    0.50000    0.50000
ncoef.10    5.000e-01    0.50000    0.50000    0.50000    0.50000
ncoef.11    5.000e-01    0.50000    0.50000    0.50000    0.50000
ncoef.12    5.000e-01    0.50000    0.50000    0.50000    0.50000
ncoef.13    5.000e-01    0.50000    0.50000    0.50000    0.50000
ncoef.14    5.000e-01    0.50000    0.50000    0.50000    0.50000
ncoef.15    5.000e-01    0.50000    0.50000    0.50000    0.50000
ncoef.16    5.000e-01    0.50000    0.50000    0.50000    0.50000
ncoef.17    5.000e-01    0.50000    0.50000    0.50000    0.50000
ncoef.18    5.000e-01    0.50000    0.50000    0.50000    0.50000
ncoef.19    5.000e-01    0.50000    0.50000    0.50000    0.50000
ncoef.20    5.000e-01    0.50000    0.50000    0.50000    0.50000
ncoef.21    5.000e-01    0.50000    0.50000    0.50000    0.50000
ncoef.22    5.000e-01    0.50000    0.50000    0.50000    0.50000
ncoef.23    5.000e-01    0.50000    0.50000    0.50000    0.50000
ncoef.24    5.000e-01    0.50000    0.50000    0.50000    0.50000
ncoef.25    5.000e-01    0.50000    0.50000    0.50000    0.50000
ncoef.26    5.000e-01    0.50000    0.50000    0.50000    0.50000
ncoef.27    5.000e-01    0.50000    0.50000    0.50000    0.50000
ncoef.28    5.000e-01    0.50000    0.50000    0.50000    0.50000
ncoef.29    5.000e-01    0.50000    0.50000    0.50000    0.50000
ncoef.30    5.000e-01    0.50000    0.50000    0.50000    0.50000
ncoef.31    5.000e-01    0.50000    0.50000    0.50000    0.50000
ncoef.32    5.000e-01    0.50000    0.50000    0.50000    0.50000
ncoef.33    5.000e-01    0.50000    0.50000    0.50000    0.50000
ncoef.34    5.000e-01    0.50000    0.50000    0.50000    0.50000
ncoef.35    5.000e-01    0.50000    0.50000    0.50000    0.50000
ncoef.36    5.000e-01    0.50000    0.50000    0.50000    0.50000
ncoef.37    5.000e-01    0.50000    0.50000    0.50000    0.50000
ncoef.38    5.000e-01    0.50000    0.50000    0.50000    0.50000
ncoef.39    5.000e-01    0.50000    0.50000    0.50000    0.50000
ncoef.40    5.000e-01    0.50000    0.50000    0.50000    0.50000
ncoef.41    5.000e-01    0.50000    0.50000    0.50000    0.50000
ncoef.42    5.000e-01    0.50000    0.50000    0.50000    0.50000
ncoef.43    5.000e-01    0.50000    0.50000    0.50000    0.50000
ncoef.44    5.000e-01    0.50000    0.50000    0.50000    0.50000
ncoef.45    5.000e-01    0.50000    0.50000    0.50000    0.50000
ncoef.46    5.000e-01    0.50000    0.50000    0.50000    0.50000
ncoef.47    5.000e-01    0.50000    0.50000    0.50000    0.50000
ncoef.48    5.000e-01    0.50000    0.50000    0.50000    0.50000
ncoef.49    5.000e-01    0.50000    0.50000    0.50000    0.50000
ncoef.50    5.000e-01    0.50000    0.50000    0.50000    0.50000
ncoef.51    5.000e-01    0.50000    0.50000    0.50000    0.50000
Roffset.1   3.446e-01    1.44372    2.15849    2.84358    4.32058
Roffset.2   1.344e-02    0.07294    0.13827    0.22969    0.48314
Roffset.3   4.080e-02    0.35316    0.72465    1.23926    2.50077
Roffset.4   3.052e-02    0.26237    0.50770    0.84957    1.61231
Roffset.5   6.740e-01    1.32775    1.69683    2.11509    2.97258
Roffset.6   3.351e-02    0.23315    0.44980    0.73523    1.36404
Roffset.7   7.977e-02    0.48439    0.77823    1.08881    1.68237
Roffset.8   1.042e+00    2.19665    2.70045    3.23041    4.68715
Roffset.9   3.253e-01    1.20494    1.81156    2.42330    3.59401
Roffset.10  1.536e-01    0.93127    1.38739    1.86349    2.91832
Roffset.11  1.050e+00    2.22436    2.82266    3.53516    4.81594
Roffset.12  2.075e-02    0.10540    0.21415    0.39061    0.92455
Roffset.13  4.168e-02    0.24050    0.49232    0.88124    1.80535
Roffset.14  1.040e+00    2.02289    2.53633    3.05179    4.22158
Roffset.15  3.551e-01    0.75566    0.99984    1.27596    1.82242
Roffset.16  1.316e+00    2.62569    3.31759    3.94074    5.39544
Roffset.17  1.873e-02    0.10921    0.23338    0.40973    0.99586
Roffset.18  9.712e-02    0.48679    0.76161    1.05419    1.67850
Roffset.19  3.452e+00    4.52319    5.16380    5.88400    7.59570
Roffset.20  7.954e-03    0.04152    0.07897    0.13092    0.28905
Roffset.21  3.083e+00    4.39105    5.02492    5.75946    7.40064
Roffset.22  2.285e-02    0.15147    0.29392    0.51118    1.12276
Roffset.23  6.603e-02    0.41391    0.72391    1.07867    1.80998
Roffset.24  1.665e+00    2.19253    2.51114    2.82078    3.59539
Roffset.25  1.505e-01    0.97016    1.64808    2.34147    3.93811
Roffset.26  6.727e-01    0.99433    1.18769    1.37842    1.75399
Roffset.27  2.374e-02    0.15336    0.29209    0.47484    0.93580
Roffset.28  1.889e+00    2.95565    3.58004    4.27779    5.59055
Roffset.29  1.062e+00    2.11943    2.71278    3.27319    4.49185
Roffset.30  8.111e-03    0.04188    0.08007    0.13482    0.27938
Roffset.31  4.570e+00    5.98772    6.96572    8.00551    9.93671
Roffset.32  3.805e-01    0.94601    1.26435    1.60117    2.22509
Roffset.33  1.130e+01   13.40537   14.56086   15.90894   18.40795
Roffset.34  3.964e-02    0.40092    0.74403    1.10372    1.95000
Roffset.35  3.441e-02    0.21885    0.43187    0.73308    1.56917
Roffset.36  5.042e-02    0.29398    0.54178    0.79492    1.36425
Roffset.37  1.019e-01    0.59873    0.94259    1.31046    2.16297
Roffset.38  4.248e-01    0.81764    1.02306    1.25167    1.81375
Roffset.39  3.955e+00    5.23852    5.87900    6.73820    8.22412
Roffset.40  1.875e-02    0.09259    0.18496    0.34077    0.78162
Roffset.41  1.657e-01    0.94717    1.47720    2.15785    3.36695
Roffset.42  2.263e-02    0.14229    0.30348    0.58423    1.41621
Roffset.43  9.919e-01    1.89024    2.42943    2.94900    4.02043
Roffset.44  1.005e+00    1.92431    2.43574    2.93927    4.15565
Roffset.45  6.604e-01    1.00356    1.21981    1.46655    1.93105
Roffset.46  1.033e-02    0.04836    0.09003    0.14148    0.29508
Roffset.47  1.004e-01    0.67070    1.06841    1.48935    2.39768
Roffset.48  1.239e-01    0.52737    0.79413    1.08191    1.66466
Roffset.49  1.044e-01    0.35533    0.56756    0.78741    1.23432
Roffset.50  5.091e-02    0.31627    0.59958    0.94014    1.75283
Roffset.51  3.537e-02    0.23910    0.51192    0.90371    1.84524
lnlike.1   -2.473e+00   -0.23995    0.30158    0.65106    1.08375
lnlike.2   -1.271e+01  -10.70858  -10.20557   -9.90677   -9.48427
lnlike.3   -3.433e+00   -2.33141   -2.08536   -1.94357   -1.77171
lnlike.4   -2.166e+00   -1.04658   -0.78907   -0.61981   -0.38857
lnlike.5   -2.552e+00   -0.63258   -0.15994    0.13344    0.54918
lnlike.6   -1.996e+00   -0.99175   -0.73269   -0.53692   -0.19950
lnlike.7   -1.277e+01  -11.12944  -10.60591  -10.17200   -9.48110
lnlike.8   -3.776e+00   -1.24866   -0.81410   -0.57505   -0.29215
lnlike.9   -7.928e+00   -5.97285   -5.38991   -5.14285   -4.99669
lnlike.10  -1.721e+00    0.09295    0.65211    0.99177    1.48528
lnlike.11  -2.299e+00   -0.17959    0.32039    0.60675    0.96354
lnlike.12  -6.151e+00   -4.57765   -4.06485   -3.80050   -3.57996
lnlike.13  -3.054e+00   -2.07209   -1.88667   -1.69458   -1.35595
lnlike.14  -1.311e+01  -10.77226   -9.99854   -9.35429   -8.35784
lnlike.15  -5.829e+00   -3.94331   -3.50609   -3.17343   -2.72134
lnlike.16  -4.149e+00   -1.77724   -1.24268   -0.97644   -0.64867
lnlike.17  -3.090e+00   -1.64270   -1.14341   -0.76362   -0.35676
lnlike.18  -4.623e+00   -3.16288   -2.72112   -2.51404   -2.33373
lnlike.19  -3.357e+00   -1.64132   -1.12847   -0.86750   -0.51635
lnlike.20  -9.690e+00   -7.57990   -6.85093   -6.18887   -5.17402
lnlike.21  -3.142e+00   -1.04516   -0.56987   -0.30635    0.01418
lnlike.22  -7.166e+00   -5.67694   -5.33593   -5.13224   -4.90147
lnlike.23  -4.098e+00   -2.96816   -2.60677   -2.44109   -2.32886
lnlike.24  -6.597e+00   -4.81033   -4.38369   -4.19218   -3.94270
lnlike.25  -3.662e+00   -2.17268   -1.65399   -1.41682   -1.20301
lnlike.26  -7.257e+00   -5.24656   -4.84057   -4.56016   -4.21469
lnlike.27  -5.216e+00   -3.93351   -3.57384   -3.24556   -2.84074
lnlike.28  -3.666e+00   -1.78394   -1.31298   -1.01801   -0.68956
lnlike.29  -1.479e+00    0.71123    1.19169    1.52864    2.01634
lnlike.30  -1.037e+01   -8.28973   -7.30777   -6.41028   -5.00215
lnlike.31  -8.804e-01    0.82884    1.27224    1.61014    2.20467
lnlike.32  -6.488e+00   -4.32200   -3.83185   -3.64188   -3.50989
lnlike.33  -3.258e+00   -1.25994   -0.85656   -0.63106   -0.45602
lnlike.34  -3.979e+00   -2.71253   -2.37054   -2.20343   -2.04109
lnlike.35  -1.636e+01  -15.30920  -15.00144  -14.70919  -14.14487
lnlike.36  -7.103e+00   -5.82796   -5.50882   -5.27426   -4.96572
lnlike.37  -5.360e+00   -3.78293   -3.39554   -3.18478   -2.89647
lnlike.38  -5.641e+00   -3.52725   -3.09709   -2.86029   -2.53249
lnlike.39  -3.160e+00   -1.12502   -0.64806   -0.42243   -0.14466
lnlike.40  -5.071e+00   -3.43825   -2.82820   -2.22133   -1.40602
lnlike.41  -2.911e+00   -1.25498   -0.73300   -0.45202   -0.07323
lnlike.42  -6.372e+00   -5.14918   -4.78123   -4.46508   -4.02500
lnlike.43  -3.645e+00   -1.74549   -1.32666   -1.08399   -0.76724
lnlike.44  -2.929e+00   -0.85801   -0.34575   -0.05274    0.32188
lnlike.45  -4.616e+00   -2.90465   -2.48289   -2.22012   -1.87355
lnlike.46  -1.061e+01   -8.62617   -8.00197   -7.50281   -6.81178
lnlike.47  -8.238e+00   -6.67028   -6.13344   -5.79598   -5.33702
lnlike.48  -8.060e+00   -6.38345   -5.90283   -5.59133   -5.14950
lnlike.49  -4.692e+00   -3.37562   -3.00005   -2.82010   -2.63659
lnlike.50  -7.585e+00   -6.22346   -5.79821   -5.45658   -4.99146
lnlike.51  -4.472e+00   -3.41109   -3.22323   -3.10486   -2.95686
lnprior    -2.656e+00   -2.31611   -2.22460   -2.18195   -2.17177
lnpopprior -1.056e+02  -93.56964  -88.74933  -84.38518  -76.95173
lnlike     -1.938e+02 -184.42761 -179.72103 -175.23741 -168.00987
lnpost     -2.953e+02 -278.11469 -270.60890 -264.04094 -254.32278

