
Iterations = 101:2001
Thinning interval = 1 
Number of chains = 4 
Sample size per chain = 1901 

1. Empirical mean and standard deviation for each variable,
   plus standard error of the mean:

                        Mean     SD Naive SE Time-series SE
mu_Roffset           -4.5147 0.2772 0.003179       0.017836
logSigma_Roffset      0.2598 0.1540 0.001766       0.006473
Tinf                  8.7201 0.7645 0.008767       0.081374
logsig2err           -2.5858 0.1151 0.001320       0.003408
logit.Roffset.100.1  -3.6770 0.4529 0.005194       0.017788
logit.Roffset.100.2  -6.5945 0.7921 0.009084       0.026177
logit.Roffset.100.3  -4.8498 0.8779 0.010067       0.029303
logit.Roffset.100.4  -5.1655 0.8258 0.009471       0.035694
logit.Roffset.100.5  -3.9760 0.3222 0.003695       0.012784
logit.Roffset.100.6  -5.0244 0.7086 0.008126       0.023351
logit.Roffset.100.7  -4.5445 0.4524 0.005188       0.025717
logit.Roffset.100.8  -3.5128 0.3061 0.003510       0.010519
logit.Roffset.100.9  -3.8060 0.4025 0.004615       0.014142
logit.Roffset.100.10 -4.2788 0.5928 0.006798       0.026865
logit.Roffset.100.11 -3.4173 0.3244 0.003720       0.013671
logit.Roffset.100.12 -6.0405 0.8660 0.009931       0.023988
logit.Roffset.100.13 -5.0597 0.8626 0.009892       0.030381
logit.Roffset.100.14 -3.5323 0.2821 0.003235       0.011098
logit.Roffset.100.15 -4.4396 0.3467 0.003976       0.012698
logit.Roffset.100.16 -3.2612 0.2906 0.003333       0.011696
logit.Roffset.100.17 -5.7991 0.9158 0.010502       0.029343
logit.Roffset.100.18 -4.7199 0.5528 0.006339       0.018483
logit.Roffset.100.19 -2.8789 0.2103 0.002412       0.010350
logit.Roffset.100.20 -7.0088 0.8119 0.009310       0.025951
logit.Roffset.100.21 -2.8673 0.1977 0.002267       0.007821
logit.Roffset.100.22 -5.6203 0.8441 0.009680       0.028216
logit.Roffset.100.23 -4.4999 0.5095 0.005843       0.019746
logit.Roffset.100.24 -3.5980 0.1894 0.002171       0.008228
logit.Roffset.100.25 -3.9164 0.6244 0.007161       0.024522
logit.Roffset.100.26 -4.3313 0.2256 0.002587       0.009210
logit.Roffset.100.27 -5.8455 0.8454 0.009695       0.026391
logit.Roffset.100.28 -3.2252 0.2578 0.002956       0.009641
logit.Roffset.100.29 -3.5454 0.3252 0.003730       0.012151
logit.Roffset.100.30 -6.9949 0.8159 0.009357       0.025219
logit.Roffset.100.31 -2.4953 0.1944 0.002230       0.007763
logit.Roffset.100.32 -4.3477 0.4024 0.004615       0.016809
logit.Roffset.100.33 -1.7179 0.1482 0.001700       0.006504
logit.Roffset.100.34 -4.7468 0.6999 0.008027       0.028179
logit.Roffset.100.35 -5.4352 0.8814 0.010107       0.024201
logit.Roffset.100.36 -4.9625 0.5752 0.006596       0.023099
logit.Roffset.100.37 -4.5581 0.5694 0.006530       0.020255
logit.Roffset.100.38 -4.4998 0.3216 0.003688       0.010807
logit.Roffset.100.39 -2.7066 0.1766 0.002025       0.008075
logit.Roffset.100.40 -6.1761 0.8797 0.010088       0.025823
logit.Roffset.100.41 -4.0334 0.5771 0.006618       0.024911
logit.Roffset.100.42 -5.7416 0.9489 0.010882       0.029224
logit.Roffset.100.43 -3.6944 0.3287 0.003769       0.012642
logit.Roffset.100.44 -3.6160 0.2939 0.003371       0.013059
logit.Roffset.100.45 -4.3377 0.2700 0.003097       0.011453
logit.Roffset.100.46 -6.8779 0.7592 0.008707       0.021242
logit.Roffset.100.47 -4.2959 0.5471 0.006274       0.018246
logit.Roffset.100.48 -4.6291 0.4410 0.005058       0.014241
logit.Roffset.100.49 -5.1304 0.5563 0.006379       0.018158
logit.Roffset.100.50 -5.0485 0.7713 0.008845       0.033040
logit.Roffset.100.51 -5.2280 0.8597 0.009859       0.025080

2. Quantiles for each variable:

                        2.5%     25%    50%     75%   97.5%
mu_Roffset           -5.0920 -4.6937 -4.500 -4.3245 -4.0182
logSigma_Roffset     -0.0309  0.1544  0.255  0.3612  0.5705
Tinf                  7.4663  8.1601  8.680  9.1835 10.5232
logsig2err           -2.8078 -2.6634 -2.582 -2.5106 -2.3644
logit.Roffset.100.1  -4.7479 -3.9032 -3.602 -3.3851 -2.9950
logit.Roffset.100.2  -8.4425 -7.0606 -6.483 -6.0512 -5.3240
logit.Roffset.100.3  -7.0163 -5.2950 -4.685 -4.2253 -3.6018
logit.Roffset.100.4  -7.2780 -5.5880 -5.016 -4.5672 -4.0306
logit.Roffset.100.5  -4.7163 -4.1735 -3.935 -3.7416 -3.4587
logit.Roffset.100.6  -6.8923 -5.3785 -4.917 -4.5335 -4.0130
logit.Roffset.100.7  -5.5893 -4.7491 -4.485 -4.2571 -3.8685
logit.Roffset.100.8  -4.2068 -3.6646 -3.487 -3.3016 -2.9896
logit.Roffset.100.9  -4.7513 -4.0209 -3.743 -3.5218 -3.1775
logit.Roffset.100.10 -5.7594 -4.5367 -4.174 -3.8943 -3.4566
logit.Roffset.100.11 -4.1738 -3.6111 -3.370 -3.1981 -2.8948
logit.Roffset.100.12 -7.9707 -6.5795 -5.943 -5.4025 -4.6172
logit.Roffset.100.13 -7.0618 -5.5424 -4.904 -4.4278 -3.7776
logit.Roffset.100.14 -4.1524 -3.6992 -3.504 -3.3436 -3.0607
logit.Roffset.100.15 -5.2429 -4.6495 -4.410 -4.2066 -3.8609
logit.Roffset.100.16 -3.9066 -3.4289 -3.244 -3.0585 -2.7690
logit.Roffset.100.17 -7.8964 -6.3257 -5.636 -5.1505 -4.4019
logit.Roffset.100.18 -6.0491 -4.9764 -4.631 -4.3491 -3.9420
logit.Roffset.100.19 -3.2946 -3.0256 -2.882 -2.7246 -2.4797
logit.Roffset.100.20 -8.9304 -7.4540 -6.910 -6.4449 -5.7173
logit.Roffset.100.21 -3.2685 -2.9894 -2.863 -2.7278 -2.4899
logit.Roffset.100.22 -7.6270 -6.0611 -5.469 -5.0139 -4.3646
logit.Roffset.100.23 -5.7619 -4.7172 -4.405 -4.1732 -3.7440
logit.Roffset.100.24 -3.9989 -3.7075 -3.587 -3.4729 -3.2449
logit.Roffset.100.25 -5.4861 -4.1905 -3.790 -3.5187 -3.0500
logit.Roffset.100.26 -4.8107 -4.4751 -4.314 -4.1636 -3.9281
logit.Roffset.100.27 -7.8399 -6.3067 -5.694 -5.2400 -4.6013
logit.Roffset.100.28 -3.7744 -3.3910 -3.208 -3.0481 -2.7670
logit.Roffset.100.29 -4.2871 -3.7135 -3.501 -3.3378 -3.0117
logit.Roffset.100.30 -8.8221 -7.4376 -6.871 -6.4216 -5.7392
logit.Roffset.100.31 -2.8839 -2.6301 -2.495 -2.3690 -2.1299
logit.Roffset.100.32 -5.3217 -4.5416 -4.280 -4.0892 -3.7298
logit.Roffset.100.33 -2.0131 -1.8122 -1.718 -1.6140 -1.4393
logit.Roffset.100.34 -6.5372 -5.0527 -4.605 -4.3013 -3.7858
logit.Roffset.100.35 -7.4940 -5.9119 -5.303 -4.7982 -4.0964
logit.Roffset.100.36 -6.3536 -5.2325 -4.856 -4.5639 -4.1276
logit.Roffset.100.37 -5.9409 -4.8311 -4.482 -4.1592 -3.7359
logit.Roffset.100.38 -5.1906 -4.6614 -4.478 -4.2946 -3.9684
logit.Roffset.100.39 -3.0748 -2.8138 -2.703 -2.5856 -2.3719
logit.Roffset.100.40 -8.1258 -6.6979 -6.078 -5.5385 -4.7538
logit.Roffset.100.41 -5.6347 -4.2603 -3.941 -3.6722 -3.2724
logit.Roffset.100.42 -7.8132 -6.3344 -5.658 -5.0808 -4.1250
logit.Roffset.100.43 -4.3957 -3.9055 -3.662 -3.4629 -3.1568
logit.Roffset.100.44 -4.2701 -3.7941 -3.597 -3.4012 -3.1192
logit.Roffset.100.45 -4.9218 -4.5086 -4.317 -4.1475 -3.8793
logit.Roffset.100.46 -8.6294 -7.2908 -6.755 -6.3504 -5.6687
logit.Roffset.100.47 -5.6414 -4.5155 -4.207 -3.9494 -3.5574
logit.Roffset.100.48 -5.6648 -4.8661 -4.583 -4.3132 -3.9540
logit.Roffset.100.49 -6.3913 -5.4165 -5.036 -4.7557 -4.3041
logit.Roffset.100.50 -7.0746 -5.4508 -4.880 -4.5084 -3.9720
logit.Roffset.100.51 -7.2720 -5.7039 -5.105 -4.6006 -3.9444

