
Iterations = 101:20001
Thinning interval = 1 
Number of chains = 4 
Sample size per chain = 19901 

1. Empirical mean and standard deviation for each variable,
   plus standard error of the mean:

                          Mean     SD  Naive SE Time-series SE
mu_ncoef              0.166902 0.1843 0.0006531       0.024793
logSigma_ncoef       -1.643231 0.2632 0.0009330       0.008972
mu_Roffset           -5.188380 0.5650 0.0020025       0.024438
logSigma_Roffset      0.389594 0.2259 0.0008007       0.006752
Tinf                 11.643180 2.8187 0.0099905       0.319187
logsig2err           -2.646094 0.1228 0.0004352       0.001288
logit.ncoef.1         0.129409 0.2063 0.0007311       0.011309
logit.ncoef.2         0.320307 0.2487 0.0008816       0.017067
logit.ncoef.3         0.184858 0.2253 0.0007984       0.013838
logit.ncoef.4         0.183688 0.2118 0.0007506       0.014772
logit.ncoef.5         0.125778 0.2619 0.0009283       0.012734
logit.ncoef.6         0.181737 0.2095 0.0007425       0.012260
logit.ncoef.7         0.269942 0.2506 0.0008883       0.012801
logit.ncoef.8         0.028108 0.2612 0.0009256       0.011624
logit.ncoef.9         0.091932 0.2362 0.0008370       0.011902
logit.ncoef.10        0.131139 0.2356 0.0008351       0.013019
logit.ncoef.11        0.003545 0.2250 0.0007973       0.012435
logit.ncoef.12        0.210681 0.2420 0.0008578       0.014131
logit.ncoef.13        0.278658 0.2224 0.0007883       0.012743
logit.ncoef.14        0.099610 0.2710 0.0009605       0.013595
logit.ncoef.15        0.296432 0.2436 0.0008634       0.011855
logit.ncoef.16        0.040370 0.2460 0.0008718       0.011614
logit.ncoef.17        0.285347 0.1952 0.0006918       0.013804
logit.ncoef.18        0.180634 0.2315 0.0008205       0.012403
logit.ncoef.19        0.190326 0.2553 0.0009048       0.012004
logit.ncoef.20        0.427343 0.2236 0.0007926       0.013434
logit.ncoef.21        0.062099 0.3080 0.0010917       0.013161
logit.ncoef.22        0.282092 0.2179 0.0007723       0.013325
logit.ncoef.23        0.135809 0.2174 0.0007706       0.011297
logit.ncoef.24       -0.018143 0.2622 0.0009293       0.012596
logit.ncoef.25        0.130081 0.2161 0.0007659       0.012648
logit.ncoef.26        0.257418 0.2332 0.0008266       0.013090
logit.ncoef.27        0.156443 0.2292 0.0008122       0.016895
logit.ncoef.28       -0.033241 0.2574 0.0009123       0.011365
logit.ncoef.29        0.049575 0.2572 0.0009117       0.012531
logit.ncoef.30        0.485374 0.2171 0.0007696       0.013339
logit.ncoef.31       -0.024227 0.2959 0.0010488       0.014249
logit.ncoef.32        0.080456 0.2515 0.0008915       0.012243
logit.ncoef.33        0.116486 0.2788 0.0009883       0.012126
logit.ncoef.34        0.128293 0.2134 0.0007565       0.013241
logit.ncoef.35        0.259045 0.2648 0.0009385       0.014198
logit.ncoef.36        0.187422 0.2222 0.0007874       0.012659
logit.ncoef.37        0.094905 0.2104 0.0007457       0.013914
logit.ncoef.38        0.215125 0.2677 0.0009486       0.011752
logit.ncoef.39        0.056845 0.3165 0.0011219       0.014413
logit.ncoef.40        0.402681 0.2329 0.0008255       0.015339
logit.ncoef.41        0.090007 0.2115 0.0007496       0.012547
logit.ncoef.42        0.352716 0.2478 0.0008782       0.014438
logit.ncoef.43       -0.028775 0.2342 0.0008301       0.013311
logit.ncoef.44       -0.007303 0.2198 0.0007790       0.012018
logit.ncoef.45        0.131788 0.2183 0.0007738       0.013172
logit.ncoef.46        0.379138 0.2368 0.0008394       0.013262
logit.ncoef.47        0.245751 0.2606 0.0009237       0.012747
logit.ncoef.48        0.257919 0.2581 0.0009147       0.012536
logit.ncoef.49        0.122723 0.2348 0.0008324       0.012784
logit.ncoef.50        0.122400 0.2147 0.0007609       0.015209
logit.ncoef.51        0.153893 0.2406 0.0008529       0.014496
logit.Roffset.100.1  -4.877116 1.3830 0.0049017       0.026568
logit.Roffset.100.2  -6.928842 1.1030 0.0039093       0.021397
logit.Roffset.100.3  -5.504616 1.3899 0.0049261       0.026753
logit.Roffset.100.4  -5.846205 1.3187 0.0046739       0.025560
logit.Roffset.100.5  -4.738966 1.1836 0.0041949       0.027483
logit.Roffset.100.6  -5.756569 1.3024 0.0046161       0.027784
logit.Roffset.100.7  -4.887853 1.1685 0.0041414       0.031834
logit.Roffset.100.8  -4.615735 1.3756 0.0048754       0.030661
logit.Roffset.100.9  -4.986334 1.4301 0.0050688       0.031700
logit.Roffset.100.10 -5.144369 1.3134 0.0046550       0.026397
logit.Roffset.100.11 -4.925001 1.4600 0.0051746       0.032833
logit.Roffset.100.12 -6.560158 1.2078 0.0042807       0.023644
logit.Roffset.100.13 -5.395087 1.3467 0.0047732       0.026104
logit.Roffset.100.14 -4.344749 1.2431 0.0044059       0.032208
logit.Roffset.100.15 -4.523848 0.6385 0.0022629       0.012902
logit.Roffset.100.16 -4.402377 1.4041 0.0049764       0.035291
logit.Roffset.100.17 -6.078726 1.2593 0.0044635       0.023678
logit.Roffset.100.18 -5.389791 1.2459 0.0044158       0.024711
logit.Roffset.100.19 -2.978917 0.2963 0.0010503       0.005420
logit.Roffset.100.20 -7.151149 1.0742 0.0038074       0.021745
logit.Roffset.100.21 -3.428028 1.0712 0.0037966       0.033015
logit.Roffset.100.22 -5.892024 1.2998 0.0046068       0.025748
logit.Roffset.100.23 -5.434903 1.3374 0.0047403       0.028725
logit.Roffset.100.24 -4.343727 0.9824 0.0034821       0.029466
logit.Roffset.100.25 -5.096014 1.4485 0.0051339       0.030599
logit.Roffset.100.26 -4.361850 0.3020 0.0010704       0.005568
logit.Roffset.100.27 -6.458018 1.2116 0.0042944       0.023708
logit.Roffset.100.28 -4.470222 1.3938 0.0049402       0.034753
logit.Roffset.100.29 -4.632731 1.3654 0.0048393       0.031433
logit.Roffset.100.30 -7.105389 1.1046 0.0039150       0.021276
logit.Roffset.100.31 -3.656245 1.5225 0.0053962       0.053724
logit.Roffset.100.32 -5.152790 1.1737 0.0041601       0.023070
logit.Roffset.100.33 -1.808912 0.1969 0.0006979       0.004070
logit.Roffset.100.34 -5.673926 1.3087 0.0046386       0.024992
logit.Roffset.100.35 -5.829994 1.2132 0.0043000       0.021363
logit.Roffset.100.36 -5.639922 1.2822 0.0045445       0.027983
logit.Roffset.100.37 -5.737157 1.3077 0.0046349       0.025655
logit.Roffset.100.38 -4.742533 0.7268 0.0025760       0.013880
logit.Roffset.100.39 -3.132868 0.8870 0.0031439       0.028626
logit.Roffset.100.40 -6.401776 1.2191 0.0043208       0.022537
logit.Roffset.100.41 -5.324778 1.3997 0.0049609       0.027765
logit.Roffset.100.42 -6.233908 1.3153 0.0046619       0.022631
logit.Roffset.100.43 -5.115689 1.3765 0.0048788       0.032160
logit.Roffset.100.44 -4.947619 1.3292 0.0047112       0.029279
logit.Roffset.100.45 -4.587164 0.4150 0.0014710       0.006720
logit.Roffset.100.46 -7.183064 1.0796 0.0038265       0.021590
logit.Roffset.100.47 -4.695487 1.1715 0.0041521       0.026545
logit.Roffset.100.48 -4.922767 0.9846 0.0034897       0.020522
logit.Roffset.100.49 -5.886065 1.1884 0.0042121       0.024400
logit.Roffset.100.50 -5.940221 1.2618 0.0044721       0.023351
logit.Roffset.100.51 -5.841869 1.3007 0.0046099       0.024703

2. Quantiles for each variable:

                          2.5%       25%       50%     75%   97.5%
mu_ncoef             -0.155648  0.036723  0.149990  0.2874  0.5569
logSigma_ncoef       -2.227963 -1.793189 -1.625478 -1.4698 -1.1787
mu_Roffset           -6.546537 -5.453564 -5.101497 -4.8122 -4.3672
logSigma_Roffset     -0.002322  0.234613  0.371288  0.5254  0.8837
Tinf                  6.593627  9.555017 11.601449 13.5924 17.4913
logsig2err           -2.889438 -2.727539 -2.646669 -2.5629 -2.4056
logit.ncoef.1        -0.217510 -0.017747  0.108825  0.2540  0.5848
logit.ncoef.2        -0.116034  0.144109  0.305424  0.4734  0.8604
logit.ncoef.3        -0.202359  0.024132  0.167988  0.3222  0.6787
logit.ncoef.4        -0.181843  0.033906  0.166937  0.3144  0.6458
logit.ncoef.5        -0.317533 -0.060391  0.107217  0.2867  0.6945
logit.ncoef.6        -0.165284  0.036633  0.160915  0.3027  0.6573
logit.ncoef.7        -0.153965  0.093873  0.248292  0.4217  0.8172
logit.ncoef.8        -0.418144 -0.159150  0.007224  0.1905  0.5941
logit.ncoef.9        -0.304662 -0.076400  0.066055  0.2359  0.6176
logit.ncoef.10       -0.275434 -0.036239  0.111054  0.2781  0.6468
logit.ncoef.11       -0.376711 -0.162018 -0.015421  0.1457  0.4884
logit.ncoef.12       -0.225493  0.044423  0.199301  0.3595  0.7284
logit.ncoef.13       -0.105224  0.123032  0.260338  0.4126  0.7632
logit.ncoef.14       -0.362213 -0.094572  0.079421  0.2673  0.6894
logit.ncoef.15       -0.138616  0.127959  0.279319  0.4472  0.8246
logit.ncoef.16       -0.383662 -0.136646  0.022256  0.1956  0.5713
logit.ncoef.17       -0.054851  0.149397  0.271409  0.4089  0.7016
logit.ncoef.18       -0.218673  0.015185  0.160561  0.3238  0.6854
logit.ncoef.19       -0.275911  0.013960  0.175252  0.3546  0.7228
logit.ncoef.20        0.043835  0.270333  0.406508  0.5620  0.9181
logit.ncoef.21       -0.507864 -0.151614  0.061476  0.2676  0.6789
logit.ncoef.22       -0.091014  0.128457  0.262966  0.4165  0.7645
logit.ncoef.23       -0.227500 -0.016876  0.113083  0.2664  0.6244
logit.ncoef.24       -0.483301 -0.204298 -0.026360  0.1495  0.5323
logit.ncoef.25       -0.241771 -0.025979  0.110311  0.2664  0.6075
logit.ncoef.26       -0.162900  0.094632  0.243227  0.4032  0.7566
logit.ncoef.27       -0.244720 -0.005887  0.141172  0.3029  0.6527
logit.ncoef.28       -0.472499 -0.221323 -0.054521  0.1366  0.5095
logit.ncoef.29       -0.395933 -0.133878  0.026386  0.2126  0.6014
logit.ncoef.30        0.107226  0.333797  0.468954  0.6166  0.9667
logit.ncoef.31       -0.511165 -0.255467 -0.042745  0.1797  0.5829
logit.ncoef.32       -0.357404 -0.097994  0.063504  0.2387  0.6217
logit.ncoef.33       -0.401375 -0.071701  0.108202  0.2937  0.6949
logit.ncoef.34       -0.237280 -0.024619  0.109927  0.2626  0.5838
logit.ncoef.35       -0.219702  0.074412  0.245234  0.4268  0.8194
logit.ncoef.36       -0.184382  0.026828  0.166579  0.3233  0.6740
logit.ncoef.37       -0.265756 -0.054952  0.077130  0.2253  0.5503
logit.ncoef.38       -0.266930  0.029224  0.200334  0.3848  0.7784
logit.ncoef.39       -0.568301 -0.149579  0.063288  0.2680  0.6777
logit.ncoef.40       -0.001866  0.236584  0.384848  0.5447  0.9147
logit.ncoef.41       -0.265720 -0.060875  0.067279  0.2216  0.5567
logit.ncoef.42       -0.091820  0.181969  0.336150  0.5066  0.8935
logit.ncoef.43       -0.435835 -0.199755 -0.044726  0.1237  0.4549
logit.ncoef.44       -0.390685 -0.166408 -0.020467  0.1335  0.4607
logit.ncoef.45       -0.256030 -0.020935  0.120371  0.2743  0.5873
logit.ncoef.46       -0.036756  0.213768  0.361830  0.5236  0.8956
logit.ncoef.47       -0.190038  0.060969  0.219078  0.4045  0.8265
logit.ncoef.48       -0.180832  0.075425  0.237030  0.4152  0.8286
logit.ncoef.49       -0.293887 -0.040334  0.107366  0.2694  0.6267
logit.ncoef.50       -0.255126 -0.029940  0.104786  0.2594  0.5790
logit.ncoef.51       -0.279521 -0.013170  0.140963  0.3044  0.6645
logit.Roffset.100.1  -8.313481 -5.582979 -4.550991 -3.8621 -3.1330
logit.Roffset.100.2  -9.619786 -7.468659 -6.736297 -6.1622 -5.3752
logit.Roffset.100.3  -8.916829 -6.232289 -5.242027 -4.4890 -3.6010
logit.Roffset.100.4  -9.043769 -6.528843 -5.608138 -4.8932 -4.0053
logit.Roffset.100.5  -7.953192 -5.151910 -4.378985 -3.9427 -3.4776
logit.Roffset.100.6  -8.913753 -6.421367 -5.506250 -4.8172 -4.0110
logit.Roffset.100.7  -8.040604 -5.259749 -4.545322 -4.1260 -3.6822
logit.Roffset.100.8  -8.138609 -5.224054 -4.211550 -3.6249 -3.0701
logit.Roffset.100.9  -8.594301 -5.706325 -4.631521 -3.9301 -3.2326
logit.Roffset.100.10 -8.435181 -5.787851 -4.832491 -4.1863 -3.5098
logit.Roffset.100.11 -8.473195 -5.718939 -4.615854 -3.8033 -3.0800
logit.Roffset.100.12 -9.389330 -7.205281 -6.383514 -5.7088 -4.7473
logit.Roffset.100.13 -8.669467 -6.064664 -5.112167 -4.4297 -3.6475
logit.Roffset.100.14 -7.769552 -4.775415 -3.939229 -3.5112 -3.0729
logit.Roffset.100.15 -6.013578 -4.729902 -4.405896 -4.1475 -3.7782
logit.Roffset.100.16 -7.954206 -5.004509 -3.987681 -3.4072 -2.8623
logit.Roffset.100.17 -9.132197 -6.748269 -5.882829 -5.1703 -4.2606
logit.Roffset.100.18 -8.608039 -5.913139 -5.063164 -4.5364 -3.9292
logit.Roffset.100.19 -3.629857 -3.151715 -2.950381 -2.7758 -2.4845
logit.Roffset.100.20 -9.778987 -7.686463 -6.956543 -6.3883 -5.6495
logit.Roffset.100.21 -6.697758 -3.561510 -3.074217 -2.8314 -2.5188
logit.Roffset.100.22 -9.051264 -6.539107 -5.644120 -4.9711 -4.1390
logit.Roffset.100.23 -8.736204 -6.097700 -5.138529 -4.4646 -3.7529
logit.Roffset.100.24 -7.055412 -4.607899 -4.065180 -3.7357 -3.3517
logit.Roffset.100.25 -8.547010 -5.883222 -4.817571 -4.0132 -3.1680
logit.Roffset.100.26 -5.034006 -4.532748 -4.326596 -4.1550 -3.8777
logit.Roffset.100.27 -9.350536 -7.059313 -6.249040 -5.6235 -4.7687
logit.Roffset.100.28 -7.995490 -5.135415 -4.041377 -3.4627 -2.9228
logit.Roffset.100.29 -8.127100 -5.248505 -4.235308 -3.6537 -3.0680
logit.Roffset.100.30 -9.803437 -7.663143 -6.912660 -6.3353 -5.5376
logit.Roffset.100.31 -7.648568 -4.282648 -3.053319 -2.6084 -2.1940
logit.Roffset.100.32 -8.241021 -5.616165 -4.822830 -4.3578 -3.8126
logit.Roffset.100.33 -2.243715 -1.916888 -1.792111 -1.6767 -1.4777
logit.Roffset.100.34 -8.832355 -6.358068 -5.432656 -4.7205 -3.8896
logit.Roffset.100.35 -8.813151 -6.428879 -5.588801 -4.9806 -4.1734
logit.Roffset.100.36 -8.848951 -6.211376 -5.344846 -4.7456 -4.0783
logit.Roffset.100.37 -8.918872 -6.429653 -5.498860 -4.7757 -3.9353
logit.Roffset.100.38 -6.637530 -4.937587 -4.577482 -4.3196 -3.9452
logit.Roffset.100.39 -5.855404 -3.179510 -2.891383 -2.6990 -2.4244
logit.Roffset.100.40 -9.306116 -7.046852 -6.208206 -5.5465 -4.6315
logit.Roffset.100.41 -8.644654 -6.092872 -5.075175 -4.2847 -3.4218
logit.Roffset.100.42 -9.289309 -6.937570 -6.055362 -5.3289 -4.2157
logit.Roffset.100.43 -8.472489 -5.845299 -4.799523 -4.0943 -3.3601
logit.Roffset.100.44 -8.264060 -5.596704 -4.627785 -3.9892 -3.3034
logit.Roffset.100.45 -5.540476 -4.806635 -4.539131 -4.3089 -3.9274
logit.Roffset.100.46 -9.804376 -7.707961 -6.995281 -6.4381 -5.6868
logit.Roffset.100.47 -7.830181 -5.064755 -4.357671 -3.9312 -3.4631
logit.Roffset.100.48 -7.662729 -5.220607 -4.657604 -4.3038 -3.8565
logit.Roffset.100.49 -8.909871 -6.407394 -5.610902 -5.0595 -4.3986
logit.Roffset.100.50 -8.967908 -6.595420 -5.713004 -5.0280 -4.1839
logit.Roffset.100.51 -8.962084 -6.503775 -5.598990 -4.9195 -4.0455

