
Iterations = 101:20001
Thinning interval = 1 
Number of chains = 4 
Sample size per chain = 19901 

1. Empirical mean and standard deviation for each variable,
   plus standard error of the mean:

                          Mean     SD  Naive SE Time-series SE
mu_ncoef              0.130478 0.1932 0.0006849       0.025099
logSigma_ncoef       -1.633457 0.2268 0.0008038       0.006395
mu_Roffset           -5.152498 0.5370 0.0019032       0.023254
logSigma_Roffset      0.355202 0.2286 0.0008101       0.007355
Tinf                 11.637872 3.0847 0.0109333       0.352297
logsig2err           -2.623098 0.1227 0.0004349       0.001373
logit.ncoef.1         0.036757 0.2293 0.0008127       0.012510
logit.ncoef.2         0.240940 0.2530 0.0008967       0.016894
logit.ncoef.3         0.153930 0.2280 0.0008082       0.013228
logit.ncoef.4         0.140545 0.2219 0.0007866       0.014250
logit.ncoef.5         0.087002 0.2655 0.0009411       0.011730
logit.ncoef.6         0.158709 0.2148 0.0007614       0.012308
logit.ncoef.7         0.260153 0.2575 0.0009126       0.012147
logit.ncoef.8        -0.004982 0.2598 0.0009208       0.011688
logit.ncoef.9         0.058047 0.2365 0.0008381       0.011506
logit.ncoef.10        0.102435 0.2431 0.0008617       0.013187
logit.ncoef.11       -0.032883 0.2216 0.0007855       0.011720
logit.ncoef.12        0.176904 0.2482 0.0008796       0.013991
logit.ncoef.13        0.250986 0.2314 0.0008203       0.012810
logit.ncoef.14        0.060995 0.2666 0.0009450       0.012277
logit.ncoef.15        0.263725 0.2488 0.0008818       0.012199
logit.ncoef.16        0.007526 0.2479 0.0008786       0.011577
logit.ncoef.17        0.257218 0.2015 0.0007143       0.013802
logit.ncoef.18        0.137375 0.2422 0.0008586       0.012394
logit.ncoef.19        0.153232 0.2660 0.0009429       0.011943
logit.ncoef.20        0.398314 0.2284 0.0008096       0.013108
logit.ncoef.21        0.020813 0.3162 0.0011208       0.013951
logit.ncoef.22        0.267019 0.2208 0.0007825       0.013709
logit.ncoef.23        0.094035 0.2241 0.0007943       0.011823
logit.ncoef.24       -0.056577 0.2610 0.0009251       0.011882
logit.ncoef.25        0.079656 0.2258 0.0008002       0.011970
logit.ncoef.26        0.241180 0.2376 0.0008422       0.013339
logit.ncoef.27        0.092104 0.2307 0.0008176       0.016241
logit.ncoef.28       -0.072321 0.2571 0.0009112       0.011332
logit.ncoef.29        0.014860 0.2606 0.0009237       0.011874
logit.ncoef.30        0.461066 0.2239 0.0007935       0.013215
logit.ncoef.31       -0.070966 0.2847 0.0010092       0.013002
logit.ncoef.32        0.045439 0.2590 0.0009181       0.012119
logit.ncoef.33        0.072125 0.2765 0.0009801       0.010858
logit.ncoef.34        0.100250 0.2184 0.0007742       0.012472
logit.ncoef.35        0.222328 0.2711 0.0009609       0.014092
logit.ncoef.36        0.159409 0.2301 0.0008155       0.012687
logit.ncoef.37        0.040346 0.2236 0.0007926       0.013076
logit.ncoef.38        0.180893 0.2713 0.0009616       0.011749
logit.ncoef.39        0.017116 0.3079 0.0010911       0.012441
logit.ncoef.40        0.379630 0.2357 0.0008356       0.015259
logit.ncoef.41        0.050306 0.2258 0.0008004       0.012898
logit.ncoef.42        0.309235 0.2484 0.0008806       0.014047
logit.ncoef.43       -0.062343 0.2386 0.0008456       0.012015
logit.ncoef.44       -0.035612 0.2268 0.0008038       0.011538
logit.ncoef.45        0.098826 0.2271 0.0008049       0.013678
logit.ncoef.46        0.356051 0.2373 0.0008410       0.012743
logit.ncoef.47        0.214935 0.2584 0.0009160       0.011995
logit.ncoef.48        0.231892 0.2576 0.0009130       0.012213
logit.ncoef.49        0.082734 0.2444 0.0008661       0.012729
logit.ncoef.50        0.080220 0.2178 0.0007720       0.014558
logit.ncoef.51        0.116741 0.2457 0.0008709       0.014236
logit.Roffset.100.1  -4.948304 1.4051 0.0049801       0.029412
logit.Roffset.100.2  -6.744298 1.0625 0.0037659       0.022320
logit.Roffset.100.3  -5.415629 1.3440 0.0047637       0.027119
logit.Roffset.100.4  -5.717671 1.2700 0.0045013       0.024148
logit.Roffset.100.5  -4.674898 1.1656 0.0041312       0.027332
logit.Roffset.100.6  -5.712465 1.2674 0.0044920       0.026310
logit.Roffset.100.7  -4.773309 1.0741 0.0038068       0.029005
logit.Roffset.100.8  -4.662498 1.3204 0.0046798       0.026881
logit.Roffset.100.9  -4.979024 1.3863 0.0049134       0.030082
logit.Roffset.100.10 -5.054317 1.2736 0.0045141       0.024933
logit.Roffset.100.11 -4.937341 1.3927 0.0049363       0.028255
logit.Roffset.100.12 -6.477776 1.1855 0.0042020       0.022327
logit.Roffset.100.13 -5.247427 1.3147 0.0046598       0.027641
logit.Roffset.100.14 -4.416470 1.2062 0.0042750       0.028009
logit.Roffset.100.15 -4.538955 0.6579 0.0023318       0.013646
logit.Roffset.100.16 -4.440778 1.3401 0.0047496       0.030080
logit.Roffset.100.17 -5.985685 1.2247 0.0043408       0.023659
logit.Roffset.100.18 -5.325444 1.1915 0.0042229       0.022754
logit.Roffset.100.19 -2.949336 0.2913 0.0010325       0.005280
logit.Roffset.100.20 -7.076671 1.0713 0.0037970       0.024037
logit.Roffset.100.21 -3.518024 1.0779 0.0038205       0.031417
logit.Roffset.100.22 -5.910425 1.2675 0.0044925       0.025581
logit.Roffset.100.23 -5.377341 1.2808 0.0045394       0.028655
logit.Roffset.100.24 -4.349954 0.9108 0.0032281       0.022522
logit.Roffset.100.25 -5.006767 1.3950 0.0049443       0.026510
logit.Roffset.100.26 -4.332083 0.3032 0.0010747       0.005581
logit.Roffset.100.27 -6.342108 1.1871 0.0042076       0.025610
logit.Roffset.100.28 -4.578828 1.3953 0.0049452       0.032506
logit.Roffset.100.29 -4.558470 1.2939 0.0045859       0.028912
logit.Roffset.100.30 -7.030704 1.0754 0.0038117       0.021584
logit.Roffset.100.31 -3.893953 1.5389 0.0054544       0.046177
logit.Roffset.100.32 -5.152550 1.2014 0.0042583       0.024623
logit.Roffset.100.33 -1.836319 0.2126 0.0007536       0.004442
logit.Roffset.100.34 -5.619138 1.2729 0.0045116       0.024953
logit.Roffset.100.35 -5.702075 1.1818 0.0041886       0.023486
logit.Roffset.100.36 -5.591205 1.2146 0.0043050       0.026781
logit.Roffset.100.37 -5.587152 1.2636 0.0044787       0.024779
logit.Roffset.100.38 -4.780881 0.7789 0.0027608       0.016462
logit.Roffset.100.39 -3.172205 0.8333 0.0029536       0.024138
logit.Roffset.100.40 -6.335498 1.2089 0.0042846       0.020547
logit.Roffset.100.41 -5.238673 1.3770 0.0048806       0.027998
logit.Roffset.100.42 -6.139234 1.2725 0.0045101       0.023201
logit.Roffset.100.43 -5.060458 1.3113 0.0046477       0.028629
logit.Roffset.100.44 -4.913655 1.2856 0.0045565       0.027111
logit.Roffset.100.45 -4.539234 0.3953 0.0014011       0.006321
logit.Roffset.100.46 -7.107401 1.0297 0.0036495       0.022398
logit.Roffset.100.47 -4.742352 1.1602 0.0041120       0.027272
logit.Roffset.100.48 -4.951026 0.9770 0.0034628       0.020119
logit.Roffset.100.49 -5.803632 1.1421 0.0040478       0.024524
logit.Roffset.100.50 -5.879164 1.2204 0.0043254       0.022597
logit.Roffset.100.51 -5.777050 1.2717 0.0045072       0.024200

2. Quantiles for each variable:

                          2.5%        25%       50%      75%   97.5%
mu_ncoef             -0.231492 -0.0028997  0.123514  0.26030  0.5284
logSigma_ncoef       -2.105293 -1.7779410 -1.626002 -1.48023 -1.2094
mu_Roffset           -6.372408 -5.4257708 -5.075725 -4.78579 -4.3574
logSigma_Roffset     -0.041866  0.1989709  0.337213  0.49054  0.8511
Tinf                  6.626459  9.3623474 11.314209 13.56997 18.2492
logsig2err           -2.868814 -2.7060515 -2.621220 -2.53944 -2.3855
logit.ncoef.1        -0.369012 -0.1185326  0.017693  0.17390  0.5462
logit.ncoef.2        -0.224951  0.0657569  0.233626  0.39984  0.7741
logit.ncoef.3        -0.266118 -0.0017309  0.142476  0.29779  0.6332
logit.ncoef.4        -0.262307 -0.0103536  0.129823  0.27761  0.6161
logit.ncoef.5        -0.377417 -0.1003758  0.064145  0.25549  0.6677
logit.ncoef.6        -0.225676  0.0116998  0.146950  0.29315  0.6237
logit.ncoef.7        -0.189824  0.0775676  0.235701  0.42103  0.8107
logit.ncoef.8        -0.463573 -0.1872180 -0.022170  0.15589  0.5572
logit.ncoef.9        -0.358706 -0.1043945  0.042789  0.20465  0.5697
logit.ncoef.10       -0.335615 -0.0656082  0.092264  0.25679  0.6273
logit.ncoef.11       -0.429516 -0.1874567 -0.045508  0.10969  0.4324
logit.ncoef.12       -0.280152  0.0058533  0.168694  0.33758  0.6959
logit.ncoef.13       -0.170021  0.0912961  0.238791  0.39680  0.7443
logit.ncoef.14       -0.401133 -0.1333504  0.041806  0.23372  0.6305
logit.ncoef.15       -0.193130  0.0923614  0.254610  0.41789  0.7912
logit.ncoef.16       -0.428202 -0.1662245 -0.014323  0.16596  0.5349
logit.ncoef.17       -0.114079  0.1218498  0.250718  0.38399  0.6816
logit.ncoef.18       -0.301743 -0.0344495  0.123849  0.28916  0.6557
logit.ncoef.19       -0.345701 -0.0260934  0.143946  0.32604  0.7012
logit.ncoef.20       -0.009421  0.2391974  0.385979  0.54205  0.8859
logit.ncoef.21       -0.552000 -0.2101826  0.019267  0.23907  0.6442
logit.ncoef.22       -0.126559  0.1109154  0.256723  0.40436  0.7444
logit.ncoef.23       -0.298475 -0.0620621  0.079816  0.22742  0.5919
logit.ncoef.24       -0.546439 -0.2389310 -0.059810  0.11391  0.4884
logit.ncoef.25       -0.320968 -0.0782091  0.065742  0.22312  0.5638
logit.ncoef.26       -0.195851  0.0761059  0.229922  0.39518  0.7387
logit.ncoef.27       -0.336947 -0.0661704  0.087731  0.24039  0.5665
logit.ncoef.28       -0.532890 -0.2507937 -0.085343  0.09164  0.4637
logit.ncoef.29       -0.450244 -0.1686153  0.004282  0.17418  0.5801
logit.ncoef.30        0.062898  0.3056927  0.446983  0.60173  0.9347
logit.ncoef.31       -0.553311 -0.2738060 -0.099158  0.11204  0.5480
logit.ncoef.32       -0.432641 -0.1364784  0.034165  0.20838  0.5884
logit.ncoef.33       -0.451273 -0.1158040  0.065873  0.25239  0.6368
logit.ncoef.34       -0.297665 -0.0516154  0.087715  0.23758  0.5705
logit.ncoef.35       -0.285865  0.0370096  0.212185  0.39341  0.7892
logit.ncoef.36       -0.249564 -0.0002003  0.144061  0.30291  0.6721
logit.ncoef.37       -0.366717 -0.1148024  0.032182  0.18278  0.5108
logit.ncoef.38       -0.321293 -0.0060452  0.172092  0.36124  0.7477
logit.ncoef.39       -0.578339 -0.1891208  0.017546  0.22499  0.6263
logit.ncoef.40       -0.044700  0.2156779  0.368474  0.52764  0.8769
logit.ncoef.41       -0.348499 -0.1030079  0.036640  0.18615  0.5393
logit.ncoef.42       -0.152044  0.1391333  0.296222  0.47214  0.8263
logit.ncoef.43       -0.500969 -0.2295119 -0.069703  0.08851  0.4504
logit.ncoef.44       -0.443259 -0.1950085 -0.043727  0.10778  0.4430
logit.ncoef.45       -0.332340 -0.0541126  0.088720  0.24757  0.5653
logit.ncoef.46       -0.076559  0.1930937  0.341226  0.50688  0.8638
logit.ncoef.47       -0.239527  0.0338161  0.195951  0.37547  0.7743
logit.ncoef.48       -0.221052  0.0521208  0.213923  0.39347  0.7776
logit.ncoef.49       -0.370560 -0.0836925  0.073061  0.23605  0.6003
logit.ncoef.50       -0.319578 -0.0680084  0.070412  0.22226  0.5256
logit.ncoef.51       -0.334926 -0.0523640  0.105522  0.27364  0.6283
logit.Roffset.100.1  -8.353638 -5.6965050 -4.664621 -3.90098 -3.1252
logit.Roffset.100.2  -9.316710 -7.2660758 -6.549244 -6.00290 -5.2633
logit.Roffset.100.3  -8.644996 -6.1190930 -5.160266 -4.44987 -3.5805
logit.Roffset.100.4  -8.768505 -6.3811866 -5.505245 -4.80382 -3.9311
logit.Roffset.100.5  -7.714903 -5.0729112 -4.343125 -3.90805 -3.4347
logit.Roffset.100.6  -8.724541 -6.3687417 -5.471365 -4.79582 -4.0045
logit.Roffset.100.7  -7.671068 -5.1368123 -4.458695 -4.07606 -3.6163
logit.Roffset.100.8  -8.024416 -5.3219862 -4.306309 -3.68860 -3.0868
logit.Roffset.100.9  -8.412099 -5.6823718 -4.637534 -3.96047 -3.2603
logit.Roffset.100.10 -8.224066 -5.6736737 -4.747358 -4.13450 -3.4698
logit.Roffset.100.11 -8.317585 -5.6880069 -4.658450 -3.88712 -3.1075
logit.Roffset.100.12 -9.267038 -7.0956937 -6.303942 -5.65181 -4.7147
logit.Roffset.100.13 -8.513885 -5.8766148 -4.951876 -4.31943 -3.5824
logit.Roffset.100.14 -7.580773 -4.9245837 -4.041627 -3.56626 -3.0710
logit.Roffset.100.15 -6.132051 -4.7532236 -4.412081 -4.14046 -3.7738
logit.Roffset.100.16 -7.797021 -5.0901080 -4.073027 -3.46841 -2.8514
logit.Roffset.100.17 -8.873967 -6.6419832 -5.797640 -5.10962 -4.1919
logit.Roffset.100.18 -8.355567 -5.8521450 -5.037345 -4.48805 -3.8982
logit.Roffset.100.19 -3.615187 -3.1123727 -2.913149 -2.75059 -2.4732
logit.Roffset.100.20 -9.634899 -7.5948949 -6.888617 -6.33888 -5.5946
logit.Roffset.100.21 -6.653045 -3.7385236 -3.152737 -2.86108 -2.5268
logit.Roffset.100.22 -8.916564 -6.5463549 -5.686686 -5.01648 -4.1591
logit.Roffset.100.23 -8.403278 -6.0201736 -5.112712 -4.45226 -3.7207
logit.Roffset.100.24 -6.930767 -4.6103032 -4.101937 -3.77131 -3.3649
logit.Roffset.100.25 -8.300093 -5.7552357 -4.737263 -3.96239 -3.1405
logit.Roffset.100.26 -4.991982 -4.5047935 -4.301726 -4.12553 -3.8431
logit.Roffset.100.27 -9.143583 -6.9103432 -6.135621 -5.53459 -4.7055
logit.Roffset.100.28 -7.930891 -5.2631155 -4.226007 -3.55707 -2.9293
logit.Roffset.100.29 -7.932826 -5.1328469 -4.181162 -3.63607 -3.0687
logit.Roffset.100.30 -9.651210 -7.5658617 -6.851603 -6.27905 -5.5095
logit.Roffset.100.31 -7.702643 -4.7011855 -3.381632 -2.74187 -2.2353
logit.Roffset.100.32 -8.138076 -5.6227417 -4.841036 -4.35341 -3.8145
logit.Roffset.100.33 -2.337642 -1.9517966 -1.814036 -1.68918 -1.4907
logit.Roffset.100.34 -8.660228 -6.3044199 -5.383140 -4.69798 -3.8484
logit.Roffset.100.35 -8.614974 -6.2478408 -5.457853 -4.89331 -4.1214
logit.Roffset.100.36 -8.599616 -6.1522987 -5.325245 -4.73091 -4.0837
logit.Roffset.100.37 -8.665104 -6.2550853 -5.351075 -4.67169 -3.8358
logit.Roffset.100.38 -6.924354 -4.9955678 -4.590992 -4.31616 -3.9436
logit.Roffset.100.39 -5.831605 -3.2676108 -2.934952 -2.73310 -2.4371
logit.Roffset.100.40 -9.163308 -6.9669494 -6.133988 -5.48721 -4.5931
logit.Roffset.100.41 -8.475210 -5.9878412 -4.991158 -4.22346 -3.3629
logit.Roffset.100.42 -9.068953 -6.8148300 -5.967491 -5.26218 -4.1922
logit.Roffset.100.43 -8.211787 -5.7679160 -4.798934 -4.08522 -3.3128
logit.Roffset.100.44 -8.120765 -5.5685469 -4.603106 -3.97297 -3.2896
logit.Roffset.100.45 -5.445699 -4.7607156 -4.492695 -4.27118 -3.9041
logit.Roffset.100.46 -9.597487 -7.6138489 -6.928483 -6.39634 -5.6458
logit.Roffset.100.47 -7.819425 -5.1700864 -4.405341 -3.96914 -3.4586
logit.Roffset.100.48 -7.591487 -5.2870028 -4.686776 -4.31889 -3.8507
logit.Roffset.100.49 -8.646017 -6.3149337 -5.554763 -5.00340 -4.3637
logit.Roffset.100.50 -8.872760 -6.5374817 -5.684061 -4.99051 -4.1196
logit.Roffset.100.51 -8.846078 -6.4282512 -5.546133 -4.87046 -4.0094

